index,breadth_above_sma_50,market_vol_regime,btc_trend_slope
2025-01-01 19:00:00+00:00,,,27.358263157893578
2025-01-01 20:00:00+00:00,,medium,47.91842105262978
2025-01-01 21:00:00+00:00,,medium,58.11855639097373
2025-01-01 22:00:00+00:00,,medium,71.50560150375772
2025-01-01 23:00:00+00:00,,medium,76.69789473683984
2025-01-02 00:00:00+00:00,,medium,83.93903759398428
2025-01-02 01:00:00+00:00,,medium,88.77372932330458
2025-01-02 02:00:00+00:00,,medium,96.76369924811881
2025-01-02 03:00:00+00:00,,medium,98.17230827067371
2025-01-02 04:00:00+00:00,,medium,103.51787969924864
2025-01-02 05:00:00+00:00,,medium,103.59816541353348
2025-01-02 06:00:00+00:00,,medium,98.71711278195238
2025-01-02 07:00:00+00:00,,medium,95.85281203007439
2025-01-02 08:00:00+00:00,,medium,100.03798496240498
2025-01-02 09:00:00+00:00,,medium,112.70226315789206
2025-01-02 10:00:00+00:00,,medium,122.86769924811804
2025-01-02 11:00:00+00:00,,medium,133.641135338345
2025-01-02 12:00:00+00:00,,medium,137.22045864661428
2025-01-02 13:00:00+00:00,,medium,131.89493984962283
2025-01-02 14:00:00+00:00,,medium,137.5918646616544
2025-01-02 15:00:00+00:00,,medium,131.9852030075173
2025-01-02 16:00:00+00:00,,medium,137.21038345864534
2025-01-02 17:00:00+00:00,,medium,135.0513533834566
2025-01-02 18:00:00+00:00,,medium,135.47694736842053
2025-01-02 19:00:00+00:00,,medium,128.75478947368316
2025-01-02 20:00:00+00:00,,medium,126.24810526315747
2025-01-02 21:00:00+00:00,,medium,114.92876691729131
2025-01-02 22:00:00+00:00,,medium,101.63451127819073
2025-01-02 23:00:00+00:00,,medium,83.33518796992334
2025-01-03 00:00:00+00:00,,medium,70.81269924811947
2025-01-03 01:00:00+00:00,89.33717579250721,high,57.1281503759385
2025-01-03 02:00:00+00:00,87.31988472622479,medium,40.74957894736564
2025-01-03 03:00:00+00:00,89.04899135446685,medium,27.541714285713585
2025-01-03 04:00:00+00:00,82.13256484149855,medium,14.092112781953551
2025-01-03 05:00:00+00:00,78.38616714697406,medium,8.518872180447651
2025-01-03 06:00:00+00:00,76.0806916426513,medium,-1.0457368421050457
2025-01-03 07:00:00+00:00,61.09510086455331,medium,-13.326511278198394
2025-01-03 08:00:00+00:00,68.01152737752162,medium,-25.600646616542193
2025-01-03 09:00:00+00:00,85.01440922190201,medium,-36.916819548870535
2025-01-03 10:00:00+00:00,82.42074927953891,medium,-36.71238345864905
2025-01-03 11:00:00+00:00,90.20172910662824,medium,-44.164496240603796
2025-01-03 12:00:00+00:00,88.18443804034582,low,-41.137879699250085
2025-01-03 13:00:00+00:00,89.04899135446685,low,-47.03227067669349
2025-01-03 14:00:00+00:00,93.0835734870317,low,-36.36703007518898
2025-01-03 15:00:00+00:00,95.10086455331412,low,-18.057488721805157
2025-01-03 16:00:00+00:00,96.54178674351584,low,4.72276691729244
2025-01-03 17:00:00+00:00,95.67723342939482,low,27.43184962405884
2025-01-03 18:00:00+00:00,96.25360230547551,low,51.32630075187713
2025-01-03 19:00:00+00:00,96.82997118155619,low,74.86845112782001
2025-01-03 20:00:00+00:00,97.40634005763688,low,89.47667669172628
2025-01-03 21:00:00+00:00,97.69452449567724,low,103.81698496240641
2025-01-03 22:00:00+00:00,98.27089337175792,low,116.26575187969793
2025-01-03 23:00:00+00:00,97.69452449567724,medium,126.47677443608744
2025-01-04 00:00:00+00:00,95.67723342939482,medium,127.8835263157873
2025-01-04 01:00:00+00:00,96.25360230547551,low,128.10767669172603
2025-01-04 02:00:00+00:00,95.96541786743515,low,126.62770676691436
2025-01-04 03:00:00+00:00,95.10086455331412,low,117.282308270674
2025-01-04 04:00:00+00:00,93.94812680115274,low,99.49508270676483
2025-01-04 05:00:00+00:00,94.52449567723343,low,87.38325563909407
2025-01-04 06:00:00+00:00,95.96541786743515,low,71.88789473684176
2025-01-04 07:00:00+00:00,95.96541786743515,low,60.23801503759107
2025-01-04 08:00:00+00:00,88.47262247838617,low,39.649556390975356
2025-01-04 09:00:00+00:00,91.06628242074927,low,11.560052631579245
2025-01-04 10:00:00+00:00,89.33717579250721,low,-8.826812030075423
2025-01-04 11:00:00+00:00,91.06628242074927,low,-20.967924812033477
2025-01-04 12:00:00+00:00,96.25360230547551,low,-28.204045112784478
2025-01-04 13:00:00+00:00,97.11815561959655,low,-31.765255639099387
2025-01-04 14:00:00+00:00,96.54178674351584,low,-26.435270676691733
2025-01-04 15:00:00+00:00,78.38616714697406,low,-24.740165413536392
2025-01-04 16:00:00+00:00,86.45533141210375,low,-25.40266165413744
2025-01-04 17:00:00+00:00,90.48991354466858,low,-21.31315789473801
2025-01-04 18:00:00+00:00,88.47262247838617,low,-17.245721804512797
2025-01-04 19:00:00+00:00,89.62536023054754,low,-11.679842105266252
2025-01-04 20:00:00+00:00,93.0835734870317,low,-3.4592932330859805
2025-01-04 21:00:00+00:00,88.76080691642652,low,1.8263383458606621
2025-01-04 22:00:00+00:00,89.9135446685879,low,11.586729323304743
2025-01-04 23:00:00+00:00,89.33717579250721,low,16.71671428571286
2025-01-05 00:00:00+00:00,83.28530259365994,low,18.57276691729132
2025-01-05 01:00:00+00:00,70.60518731988472,low,20.802090225562694
2025-01-05 02:00:00+00:00,81.55619596541787,low,24.541443609022185
2025-01-05 03:00:00+00:00,77.52161383285303,low,29.8449924812002
2025-01-05 04:00:00+00:00,85.01440922190201,low,31.920218045111834
2025-01-05 05:00:00+00:00,70.60518731988472,low,29.932586466165993
2025-01-05 06:00:00+00:00,83.5734870317003,low,29.823180451124763
2025-01-05 07:00:00+00:00,78.09798270893373,low,27.68811278195406
2025-01-05 08:00:00+00:00,61.38328530259366,low,19.137781954883902
2025-01-05 09:00:00+00:00,37.17579250720461,low,8.985744360903762
2025-01-05 10:00:00+00:00,43.804034582132566,low,1.5132631578924993
2025-01-05 11:00:00+00:00,40.229885057471265,low,-12.835255639099072
2025-01-05 12:00:00+00:00,41.09195402298851,low,-24.58851127819851
2025-01-05 13:00:00+00:00,29.022988505747126,low,-32.66275187970259
2025-01-05 14:00:00+00:00,29.88505747126437,low,-38.7514285714316
2025-01-05 15:00:00+00:00,31.03448275862069,low,-38.96327819549075
2025-01-05 16:00:00+00:00,25.862068965517242,low,-32.0472105263179
2025-01-05 17:00:00+00:00,22.988505747126435,low,-32.363022556392366
2025-01-05 18:00:00+00:00,36.206896551724135,low,-28.180571428573053
2025-01-05 19:00:00+00:00,45.40229885057471,low,-24.059315789475463
2025-01-05 20:00:00+00:00,45.11494252873563,low,-17.036714285716617
2025-01-05 21:00:00+00:00,61.7816091954023,low,-8.37281203007817
2025-01-05 22:00:00+00:00,71.55172413793103,low,4.209947368418878
2025-01-05 23:00:00+00:00,58.620689655172406,low,10.72821052631509
2025-01-06 00:00:00+00:00,25.287356321839084,low,17.567511278195163
2025-01-06 01:00:00+00:00,58.04597701149425,medium,32.38739849623854
2025-01-06 02:00:00+00:00,81.32183908045977,medium,48.86490225563868
2025-01-06 03:00:00+00:00,80.45977011494253,medium,65.08442105262817
2025-01-06 04:00:00+00:00,80.17241379310344,medium,79.83172180450855
2025-01-06 05:00:00+00:00,77.87356321839081,low,90.78093984962507
2025-01-06 06:00:00+00:00,60.05747126436781,medium,98.89351879698968
2025-01-06 07:00:00+00:00,54.59770114942529,medium,100.05948120300529
2025-01-06 08:00:00+00:00,36.206896551724135,medium,96.79901503759139
2025-01-06 09:00:00+00:00,41.09195402298851,medium,89.73816541353037
2025-01-06 10:00:00+00:00,43.67816091954023,medium,79.99947368420712
2025-01-06 11:00:00+00:00,75.28735632183908,medium,78.66310526315617
2025-01-06 12:00:00+00:00,54.88505747126437,medium,74.10375939849379
2025-01-06 13:00:00+00:00,73.27586206896551,medium,67.84713533834463
2025-01-06 14:00:00+00:00,85.63218390804597,high,79.68633834586241
2025-01-06 15:00:00+00:00,92.52873563218391,high,109.98145112781515
2025-01-06 16:00:00+00:00,93.10344827586206,high,137.40793233082363
2025-01-06 17:00:00+00:00,83.04597701149426,high,157.81442105262678
2025-01-06 18:00:00+00:00,79.88505747126436,high,175.01172180450817
2025-01-06 19:00:00+00:00,83.9080459770115,high,183.51669172932193
2025-01-06 20:00:00+00:00,78.16091954022988,high,188.94785714285464
2025-01-06 21:00:00+00:00,62.06896551724138,high,189.696436090224
2025-01-06 22:00:00+00:00,72.12643678160919,high,192.75427819548585
2025-01-06 23:00:00+00:00,76.4367816091954,high,197.70789473683845
2025-01-07 00:00:00+00:00,60.91954022988506,high,201.85940601503628
2025-01-07 01:00:00+00:00,72.41379310344827,high,202.43961654135046
2025-01-07 02:00:00+00:00,30.45977011494253,high,194.75147368420735
2025-01-07 03:00:00+00:00,40.804597701149426,high,181.18616541353168
2025-01-07 04:00:00+00:00,29.88505747126437,high,159.09581203007383
2025-01-07 05:00:00+00:00,37.35632183908046,high,133.4656015037589
2025-01-07 06:00:00+00:00,52.29885057471264,high,101.14708270676446
2025-01-07 07:00:00+00:00,38.50574712643678,high,69.78255639097723
2025-01-07 08:00:00+00:00,56.60919540229885,high,36.6099248120289
2025-01-07 09:00:00+00:00,40.51724137931034,high,2.0022255639079605
2025-01-07 10:00:00+00:00,34.195402298850574,high,-20.829706766920083
2025-01-07 11:00:00+00:00,18.103448275862068,medium,-30.618526315791183
2025-01-07 12:00:00+00:00,17.81609195402299,medium,-39.399924812033596
2025-01-07 13:00:00+00:00,22.126436781609197,medium,-52.852954887219035
2025-01-07 14:00:00+00:00,8.908045977011495,medium,-75.36684210526484
2025-01-07 15:00:00+00:00,3.4482758620689653,high,-122.96052631579288
2025-01-07 16:00:00+00:00,2.8735632183908044,high,-162.96897744360973
2025-01-07 17:00:00+00:00,2.8735632183908044,high,-211.0271954887252
2025-01-07 18:00:00+00:00,2.2988505747126435,high,-253.77118045113053
2025-01-07 19:00:00+00:00,1.7241379310344827,high,-289.3425789473696
2025-01-07 20:00:00+00:00,1.4367816091954022,high,-318.1039548872204
2025-01-07 21:00:00+00:00,1.4367816091954022,high,-341.0420601503775
2025-01-07 22:00:00+00:00,1.7241379310344827,high,-350.1277593984977
2025-01-07 23:00:00+00:00,1.7241379310344827,high,-354.93696992481256
2025-01-08 00:00:00+00:00,1.4367816091954022,high,-348.7624210526335
2025-01-08 01:00:00+00:00,1.4367816091954022,high,-339.92843609022873
2025-01-08 02:00:00+00:00,1.4367816091954022,high,-323.01948120301034
2025-01-08 03:00:00+00:00,1.7241379310344827,high,-306.17909774436276
2025-01-08 04:00:00+00:00,0.5747126436781609,high,-281.3932406015056
2025-01-08 05:00:00+00:00,1.1494252873563218,high,-247.90990225564275
2025-01-08 06:00:00+00:00,0.5747126436781609,high,-228.80893233083205
2025-01-08 07:00:00+00:00,1.1494252873563218,high,-204.26928571428837
2025-01-08 08:00:00+00:00,2.0114942528735633,high,-169.08507518797214
2025-01-08 09:00:00+00:00,1.4367816091954022,high,-135.80787218045344
2025-01-08 10:00:00+00:00,1.4367816091954022,high,-97.53484210526256
2025-01-08 11:00:00+00:00,1.1494252873563218,high,-97.0321804511276
2025-01-08 12:00:00+00:00,1.1494252873563218,high,-99.27304511278466
2025-01-08 13:00:00+00:00,2.8735632183908044,high,-97.35354887218236
2025-01-08 14:00:00+00:00,2.2988505747126435,high,-102.27062406015294
2025-01-08 15:00:00+00:00,2.0114942528735633,high,-106.76765413533862
2025-01-08 16:00:00+00:00,2.0114942528735633,high,-118.62326315789745
2025-01-08 17:00:00+00:00,1.7241379310344827,high,-139.1764060150395
2025-01-08 18:00:00+00:00,2.8735632183908044,high,-142.52414285714403
2025-01-08 19:00:00+00:00,3.4482758620689653,high,-144.76668421052779
2025-01-08 20:00:00+00:00,4.022988505747127,high,-141.7468120300769
2025-01-08 21:00:00+00:00,4.310344827586207,high,-132.50192481203078
2025-01-08 22:00:00+00:00,7.183908045977011,high,-108.3063684210558
2025-01-08 23:00:00+00:00,6.609195402298851,high,-90.58705263157863
2025-01-09 00:00:00+00:00,9.770114942528735,high,-73.55187218045246
2025-01-09 01:00:00+00:00,10.344827586206897,high,-53.53766917293317
2025-01-09 02:00:00+00:00,11.206896551724139,high,-53.27917293233367
2025-01-09 03:00:00+00:00,10.632183908045976,high,-57.07307518797185
2025-01-09 04:00:00+00:00,10.919540229885058,high,-48.19348872180803
2025-01-09 05:00:00+00:00,10.919540229885058,high,-44.437669172933866
2025-01-09 06:00:00+00:00,10.632183908045976,high,-36.29145112781921
2025-01-09 07:00:00+00:00,6.896551724137931,high,-50.86063157894938
2025-01-09 08:00:00+00:00,9.770114942528735,high,-69.17577443609223
2025-01-09 09:00:00+00:00,10.632183908045976,high,-69.92751879699313
2025-01-09 10:00:00+00:00,12.931034482758621,high,-70.16094736842663
2025-01-09 11:00:00+00:00,15.229885057471265,high,-64.3603007518832
2025-01-09 12:00:00+00:00,14.367816091954023,medium,-67.27343609023028
2025-01-09 13:00:00+00:00,8.045977011494253,high,-100.59339097744608
2025-01-09 14:00:00+00:00,9.770114942528735,high,-114.96100751879798
2025-01-09 15:00:00+00:00,21.839080459770116,high,-107.51758646616595
2025-01-09 16:00:00+00:00,24.42528735632184,high,-104.14204511278412
2025-01-09 17:00:00+00:00,12.643678160919542,high,-115.70822556391045
2025-01-09 18:00:00+00:00,14.655172413793101,high,-106.95419548872421
2025-01-09 19:00:00+00:00,10.057471264367816,high,-114.28660150376237
2025-01-09 20:00:00+00:00,9.770114942528735,high,-115.7923157894749
2025-01-09 21:00:00+00:00,10.919540229885058,high,-111.89212030075315
2025-01-09 22:00:00+00:00,14.942528735632186,high,-101.97038345864878
2025-01-09 23:00:00+00:00,16.379310344827587,high,-99.0127969924828
2025-01-10 00:00:00+00:00,16.379310344827587,high,-84.38783458646922
2025-01-10 01:00:00+00:00,15.804597701149426,high,-61.85395488722189
2025-01-10 02:00:00+00:00,17.52873563218391,high,-39.48057894736891
2025-01-10 03:00:00+00:00,24.42528735632184,high,-25.060037593985264
2025-01-10 04:00:00+00:00,20.689655172413794,high,-12.342172932333622
2025-01-10 05:00:00+00:00,38.50574712643678,high,8.534165413533971
2025-01-10 06:00:00+00:00,67.81609195402298,high,32.12147368420902
2025-01-10 07:00:00+00:00,83.04597701149426,high,57.99013533834176
2025-01-10 08:00:00+00:00,82.18390804597702,high,84.30716541353308
2025-01-10 09:00:00+00:00,85.63218390804597,high,87.68154135338241
2025-01-10 10:00:00+00:00,88.79310344827587,high,106.72660150376043
2025-01-10 11:00:00+00:00,82.47126436781609,high,142.00244360902218
2025-01-10 12:00:00+00:00,82.47126436781609,high,175.41812030074976
2025-01-10 13:00:00+00:00,15.804597701149426,high,162.12882706766666
2025-01-10 14:00:00+00:00,24.71264367816092,high,160.68040601503336
2025-01-10 15:00:00+00:00,24.71264367816092,medium,134.55420300751595
2025-01-10 16:00:00+00:00,12.35632183908046,medium,104.36186466165245
2025-01-10 17:00:00+00:00,87.64367816091954,high,105.48257894736666
2025-01-10 18:00:00+00:00,74.71264367816092,high,93.24351127819106
2025-01-10 19:00:00+00:00,81.32183908045977,high,85.55506766917007
2025-01-10 20:00:00+00:00,61.49425287356321,high,67.86363157894509
2025-01-10 21:00:00+00:00,64.08045977011494,high,51.63899999999805
2025-01-10 22:00:00+00:00,72.41379310344827,high,39.483180451125556
2025-01-10 23:00:00+00:00,66.66666666666666,high,29.861406015033687
2025-01-11 00:00:00+00:00,75.28735632183908,high,19.134233082706743
2025-01-11 01:00:00+00:00,52.58620689655172,high,6.6204210526301335
2025-01-11 02:00:00+00:00,57.47126436781609,high,-1.9228947368443357
2025-01-11 03:00:00+00:00,33.90804597701149,high,-10.04179699248133
2025-01-11 04:00:00+00:00,37.06896551724138,high,-16.824759398499598
2025-01-11 05:00:00+00:00,59.77011494252874,high,-16.560721804512486
2025-01-11 06:00:00+00:00,41.66666666666667,high,-11.131218045113519
2025-01-11 07:00:00+00:00,41.95402298850575,high,-6.007225563911452
2025-01-11 08:00:00+00:00,29.022988505747126,high,-2.8872631578973023
2025-01-11 09:00:00+00:00,37.53581661891118,high,-17.853443609026346
2025-01-11 10:00:00+00:00,61.31805157593123,high,-22.886729323310693
2025-01-11 11:00:00+00:00,69.05444126074498,high,-32.601488721805545
2025-01-11 12:00:00+00:00,54.44126074498568,high,-46.098120300753656
2025-01-11 13:00:00+00:00,41.833810888252145,medium,-29.18266165413724
2025-01-11 14:00:00+00:00,57.879656160458445,low,-21.73648120300966
2025-01-11 15:00:00+00:00,28.939828080229223,low,-9.574195488725772
2025-01-11 16:00:00+00:00,38.68194842406877,low,-5.834383458649196
2025-01-11 17:00:00+00:00,21.20343839541547,low,-6.923556390979374
2025-01-11 18:00:00+00:00,23.78223495702006,low,-3.104571428572312
2025-01-11 19:00:00+00:00,22.063037249283667,low,0.4184436090205834
2025-01-11 20:00:00+00:00,83.0945558739255,low,7.490353383455449
2025-01-11 21:00:00+00:00,93.12320916905445,low,16.864879699247755
2025-01-11 22:00:00+00:00,63.03724928366762,low,20.505827067667674
2025-01-11 23:00:00+00:00,48.99713467048711,low,20.549330827068104
2025-01-12 00:00:00+00:00,54.72779369627507,low,15.620338345863788
2025-01-12 01:00:00+00:00,62.46418338108882,low,16.724812030073558
2025-01-12 02:00:00+00:00,58.16618911174785,low,15.779578947365076
2025-01-12 03:00:00+00:00,50.1432664756447,low,14.654015037591384
2025-01-12 04:00:00+00:00,47.277936962750715,low,9.762406015035813
2025-01-12 05:00:00+00:00,37.82234957020057,low,7.883443609019977
2025-01-12 06:00:00+00:00,15.18624641833811,low,5.4483157894720105
2025-01-12 07:00:00+00:00,20.057306590257877,low,4.506481203005758
2025-01-12 08:00:00+00:00,9.742120343839542,low,0.626451127816422
2025-01-12 09:00:00+00:00,8.882521489971348,low,-8.819000000000516
2025-01-12 10:00:00+00:00,10.888252148997136,low,-12.492097744362617
2025-01-12 11:00:00+00:00,19.197707736389685,low,-15.13963157894829
2025-01-12 12:00:00+00:00,12.893982808022923,low,-15.911451127821078
2025-01-12 13:00:00+00:00,29.512893982808023,low,-16.39238345864877
2025-01-12 14:00:00+00:00,25.0,low,-13.578330827069518
2025-01-12 15:00:00+00:00,60.79545454545454,low,-8.260857142859791
2025-01-12 16:00:00+00:00,51.13636363636363,low,0.7791052631566449
2025-01-12 17:00:00+00:00,45.73863636363637,low,16.05024060150457
2025-01-12 18:00:00+00:00,28.40909090909091,low,23.446992481199395
2025-01-12 19:00:00+00:00,24.147727272727273,low,25.450578947365976
2025-01-12 20:00:00+00:00,21.875,low,25.577706766914766
2025-01-12 21:00:00+00:00,9.375,low,22.58489473683981
2025-01-12 22:00:00+00:00,5.113636363636364,low,15.07993233082628
2025-01-12 23:00:00+00:00,10.795454545454545,medium,16.84239849623945
2025-01-13 00:00:00+00:00,60.79545454545454,medium,29.32599248120112
2025-01-13 01:00:00+00:00,9.375,medium,24.618894736840957
2025-01-13 02:00:00+00:00,3.4090909090909087,medium,17.440496240599533
2025-01-13 03:00:00+00:00,3.125,medium,10.33455639097424
2025-01-13 04:00:00+00:00,4.545454545454546,medium,4.226127819546415
2025-01-13 05:00:00+00:00,2.840909090909091,medium,-11.148225563911696
2025-01-13 06:00:00+00:00,2.840909090909091,medium,-32.987661654135984
2025-01-13 07:00:00+00:00,2.840909090909091,medium,-51.143751879701554
2025-01-13 08:00:00+00:00,1.7045454545454544,medium,-75.01927067669713
2025-01-13 09:00:00+00:00,1.7045454545454544,medium,-94.40494736842243
2025-01-13 10:00:00+00:00,1.4204545454545454,high,-125.90278195488995
2025-01-13 11:00:00+00:00,1.1363636363636365,high,-159.85932330827316
2025-01-13 12:00:00+00:00,1.4204545454545454,high,-189.56906766917518
2025-01-13 13:00:00+00:00,1.4204545454545454,high,-205.62106766917498
2025-01-13 14:00:00+00:00,2.272727272727273,high,-207.9408496240617
2025-01-13 15:00:00+00:00,3.125,high,-206.76219548872473
2025-01-13 16:00:00+00:00,1.9886363636363635,high,-212.34399248120732
2025-01-13 17:00:00+00:00,2.272727272727273,high,-209.03208270676905
2025-01-13 18:00:00+00:00,2.272727272727273,high,-206.97430827067888
2025-01-13 19:00:00+00:00,2.556818181818182,high,-189.53928571428537
2025-01-13 20:00:00+00:00,4.545454545454546,high,-138.3770601503772
2025-01-13 21:00:00+00:00,9.090909090909092,high,-93.24098496240734
2025-01-13 22:00:00+00:00,12.5,high,-45.12733834586603
2025-01-13 23:00:00+00:00,12.784090909090908,high,5.4742631578932475
2025-01-14 00:00:00+00:00,9.090909090909092,high,58.437744360899636
2025-01-14 01:00:00+00:00,10.227272727272728,high,111.56260902255386
2025-01-14 02:00:00+00:00,16.193181818181817,high,155.80370676691348
2025-01-14 03:00:00+00:00,18.75,high,197.1244736842088
2025-01-14 04:00:00+00:00,40.625,high,231.51422556390688
2025-01-14 05:00:00+00:00,25.28409090909091,high,256.83797744360766
2025-01-14 06:00:00+00:00,42.89772727272727,high,261.72889473684216
2025-01-14 07:00:00+00:00,28.40909090909091,medium,246.5947293233063
2025-01-14 08:00:00+00:00,50.85227272727273,medium,232.4653157894728
2025-01-14 09:00:00+00:00,90.625,high,241.36031578947228
2025-01-14 10:00:00+00:00,82.67045454545455,high,245.6636766917259
2025-01-14 11:00:00+00:00,79.26136363636364,high,245.11384962405936
2025-01-14 12:00:00+00:00,64.48863636363636,high,217.58590977443185
2025-01-14 13:00:00+00:00,86.93181818181817,high,198.1619999999957
2025-01-14 14:00:00+00:00,86.93181818181817,high,173.06727067668743
2025-01-14 15:00:00+00:00,85.51136363636364,high,147.87944360901918
2025-01-14 16:00:00+00:00,86.64772727272727,high,126.00983458646543
2025-01-14 17:00:00+00:00,92.89772727272727,high,121.81348120300721
2025-01-14 18:00:00+00:00,94.88636363636364,high,120.93615789473336
2025-01-14 19:00:00+00:00,94.0340909090909,high,115.20385714285595
2025-01-14 20:00:00+00:00,93.75,high,104.96195488721689
2025-01-14 21:00:00+00:00,94.60227272727273,high,97.13339097744037
2025-01-14 22:00:00+00:00,96.875,high,90.52178195488486
2025-01-14 23:00:00+00:00,96.02272727272727,high,78.98181203007151
2025-01-15 00:00:00+00:00,95.17045454545455,high,73.64948872180234
2025-01-15 01:00:00+00:00,93.4659090909091,high,69.02339849623937
2025-01-15 02:00:00+00:00,89.48863636363636,high,55.059218045112054
2025-01-15 03:00:00+00:00,95.45454545454545,high,42.792150375936586
2025-01-15 04:00:00+00:00,94.31818181818183,high,34.87656390977297
2025-01-15 05:00:00+00:00,95.45454545454545,medium,48.50403007518436
2025-01-15 06:00:00+00:00,93.4659090909091,medium,56.104481203007545
2025-01-15 07:00:00+00:00,94.60227272727273,medium,63.53567669172878
2025-01-15 08:00:00+00:00,92.32954545454545,medium,59.575766917291304
2025-01-15 09:00:00+00:00,77.55681818181817,medium,53.77335338345916
2025-01-15 10:00:00+00:00,78.4090909090909,medium,48.25209774435784
2025-01-15 11:00:00+00:00,73.57954545454545,medium,42.13105263157783
2025-01-15 12:00:00+00:00,64.48863636363636,medium,26.68863157894371
2025-01-15 13:00:00+00:00,97.72727272727273,high,50.67362406014732
2025-01-15 14:00:00+00:00,98.86363636363636,high,81.66038345864636
2025-01-15 15:00:00+00:00,98.86363636363636,high,98.54862406014877
2025-01-15 16:00:00+00:00,98.29545454545455,high,111.27358646616247
2025-01-15 17:00:00+00:00,98.01136363636364,high,114.9551654135305
2025-01-15 18:00:00+00:00,98.57954545454545,high,130.07464661653688
2025-01-15 19:00:00+00:00,98.29545454545455,high,144.6797894736823
2025-01-15 20:00:00+00:00,98.29545454545455,high,155.55479699247851
2025-01-15 21:00:00+00:00,98.57954545454545,high,171.1800150375939
2025-01-15 22:00:00+00:00,98.86363636363636,high,175.60690225563707
2025-01-15 23:00:00+00:00,99.14772727272727,high,194.67241353383199
2025-01-16 00:00:00+00:00,97.44318181818183,high,197.97117293232682
2025-01-16 01:00:00+00:00,98.57954545454545,high,197.7624661654115
2025-01-16 02:00:00+00:00,98.57954545454545,high,187.80483458646566
2025-01-16 03:00:00+00:00,97.1590909090909,high,174.84993233082497
2025-01-16 04:00:00+00:00,97.1590909090909,high,158.94253383458636
2025-01-16 05:00:00+00:00,95.73863636363636,high,130.06748120300645
2025-01-16 06:00:00+00:00,96.5909090909091,high,105.17101503759258
2025-01-16 07:00:00+00:00,95.45454545454545,high,73.23812030075096
2025-01-16 08:00:00+00:00,83.52272727272727,high,27.531180451126435
2025-01-16 09:00:00+00:00,87.2159090909091,medium,13.525142857138903
2025-01-16 10:00:00+00:00,85.79545454545455,medium,7.538526315789534
2025-01-16 11:00:00+00:00,91.19318181818183,medium,-5.88924060150565
2025-01-16 12:00:00+00:00,95.73863636363636,medium,-16.183172932332663
2025-01-16 13:00:00+00:00,87.2159090909091,medium,-36.999285714290416
2025-01-16 14:00:00+00:00,52.27272727272727,medium,-66.76603007518978
2025-01-16 15:00:00+00:00,86.64772727272727,high,-63.5276766917299
2025-01-16 16:00:00+00:00,90.05681818181817,high,-63.144105263160476
2025-01-16 17:00:00+00:00,92.89772727272727,high,-53.73160902255735
2025-01-16 18:00:00+00:00,86.36363636363636,high,-47.54777443609068
2025-01-16 19:00:00+00:00,93.75,high,-16.89298496240897
2025-01-16 20:00:00+00:00,88.35227272727273,high,2.9192631578918036
2025-01-16 21:00:00+00:00,80.39772727272727,high,22.7106390977436
2025-01-16 22:00:00+00:00,55.11363636363637,high,30.816819548871482
2025-01-16 23:00:00+00:00,63.35227272727273,high,38.22860150375713
2025-01-17 00:00:00+00:00,78.125,high,48.86230075187861
2025-01-17 01:00:00+00:00,93.18181818181817,high,77.11880451127595
2025-01-17 02:00:00+00:00,92.32954545454545,high,100.57075187969764
2025-01-17 03:00:00+00:00,92.32954545454545,high,121.36051127819445
2025-01-17 04:00:00+00:00,92.89772727272727,high,133.07521052631557
2025-01-17 05:00:00+00:00,91.76136363636364,high,142.00133082706563
2025-01-17 06:00:00+00:00,92.04545454545455,high,149.6863533834565
2025-01-17 07:00:00+00:00,90.3409090909091,high,153.6442105263147
2025-01-17 08:00:00+00:00,93.4659090909091,high,167.79160902255305
2025-01-17 09:00:00+00:00,92.32954545454545,high,169.02386466165095
2025-01-17 10:00:00+00:00,94.88636363636364,high,149.52118796992372
2025-01-17 11:00:00+00:00,93.18181818181817,medium,148.23124060150116
2025-01-17 12:00:00+00:00,88.06818181818183,medium,150.5694661654137
2025-01-17 13:00:00+00:00,85.51136363636364,medium,151.68746616541196
2025-01-17 14:00:00+00:00,91.76136363636364,medium,157.75275187969893
2025-01-17 15:00:00+00:00,88.35227272727273,medium,180.13584962405855
2025-01-17 16:00:00+00:00,92.04545454545455,medium,209.87261654135216
2025-01-17 17:00:00+00:00,82.10227272727273,high,217.5909624060154
2025-01-17 18:00:00+00:00,81.81818181818183,high,224.45509022556118
2025-01-17 19:00:00+00:00,88.35227272727273,high,240.43270676691492
2025-01-17 20:00:00+00:00,94.31818181818183,high,233.40374436090087
2025-01-17 21:00:00+00:00,93.4659090909091,high,242.5427443608994
2025-01-17 22:00:00+00:00,93.75,high,235.64183458646474
2025-01-17 23:00:00+00:00,94.0340909090909,high,218.24487969924755
2025-01-18 00:00:00+00:00,94.60227272727273,high,211.35745112781888
2025-01-18 01:00:00+00:00,92.32954545454545,high,191.81658646616077
2025-01-18 02:00:00+00:00,88.63636363636364,high,169.90167669172556
2025-01-18 03:00:00+00:00,47.72727272727273,high,133.1211203007495
2025-01-18 04:00:00+00:00,34.090909090909086,high,104.69892481202895
2025-01-18 05:00:00+00:00,7.670454545454546,high,58.73818045112473
2025-01-18 06:00:00+00:00,12.784090909090908,high,27.31948872180504
2025-01-18 07:00:00+00:00,7.386363636363637,high,-15.944624060152893
2025-01-18 08:00:00+00:00,9.659090909090908,high,-45.63254135338483
2025-01-18 09:00:00+00:00,8.21529745042493,high,-82.00967669173183
2025-01-18 10:00:00+00:00,8.78186968838527,high,-104.76849624060277
2025-01-18 11:00:00+00:00,11.3314447592068,high,-111.64835338346218
2025-01-18 12:00:00+00:00,7.64872521246459,high,-104.43544360902672
2025-01-18 13:00:00+00:00,11.89801699716714,high,-95.3446992481243
2025-01-18 14:00:00+00:00,6.232294617563739,medium,-80.72681203007677
2025-01-18 15:00:00+00:00,7.64872521246459,medium,-40.83657894737094
2025-01-18 16:00:00+00:00,5.6657223796034,medium,-35.8678421052659
2025-01-18 17:00:00+00:00,5.6657223796034,high,-21.94935338346213
2025-01-18 18:00:00+00:00,5.94900849858357,high,-6.231180451130247
2025-01-18 19:00:00+00:00,6.232294617563739,high,8.96693233082351
2025-01-18 20:00:00+00:00,5.6657223796034,medium,27.90408270676467
2025-01-18 21:00:00+00:00,5.382436260623229,medium,39.55033082706696
2025-01-18 22:00:00+00:00,5.382436260623229,medium,58.45412030075101
2025-01-18 23:00:00+00:00,7.365439093484419,medium,69.0689398496216
2025-01-19 00:00:00+00:00,9.06515580736544,medium,72.40500751879607
2025-01-19 01:00:00+00:00,19.263456090651555,medium,68.23003007518588
2025-01-19 02:00:00+00:00,16.147308781869686,medium,76.7993157894708
2025-01-19 03:00:00+00:00,8.78186968838527,medium,74.95384210525968
2025-01-19 04:00:00+00:00,7.64872521246459,medium,77.65206015037366
2025-01-19 05:00:00+00:00,8.21529745042493,medium,77.1309849624044
2025-01-19 06:00:00+00:00,6.232294617563739,medium,80.52082706766528
2025-01-19 07:00:00+00:00,4.815864022662889,medium,80.98444360902059
2025-01-19 08:00:00+00:00,3.6827195467422094,medium,66.43653383458702
2025-01-19 09:00:00+00:00,4.815864022662889,medium,77.22388721804309
2025-01-19 10:00:00+00:00,4.2492917847025495,medium,73.92144360901987
2025-01-19 11:00:00+00:00,3.672316384180791,medium,71.88283458646413
2025-01-19 12:00:00+00:00,4.23728813559322,medium,57.575842105260506
2025-01-19 13:00:00+00:00,5.649717514124294,medium,50.18010526315455
2025-01-19 14:00:00+00:00,13.559322033898304,medium,47.944962406014305
2025-01-19 15:00:00+00:00,13.27683615819209,medium,45.59162406014805
2025-01-19 16:00:00+00:00,13.559322033898304,medium,37.31450375939444
2025-01-19 17:00:00+00:00,21.1864406779661,medium,27.516330827068423
2025-01-19 18:00:00+00:00,23.44632768361582,low,21.179879699248055
2025-01-19 19:00:00+00:00,26.27118644067797,medium,34.42630827067402
2025-01-19 20:00:00+00:00,16.94915254237288,medium,39.20201503759231
2025-01-19 21:00:00+00:00,2.5423728813559325,high,9.684864661652524
2025-01-19 22:00:00+00:00,2.824858757062147,high,-16.313375939851248
2025-01-19 23:00:00+00:00,1.694915254237288,high,-68.18469924812315
2025-01-20 00:00:00+00:00,0.847457627118644,high,-135.76342105263436
2025-01-20 01:00:00+00:00,0.847457627118644,high,-181.29912030075147
2025-01-20 02:00:00+00:00,1.4124293785310735,high,-195.4265714285737
2025-01-20 03:00:00+00:00,2.2598870056497176,high,-210.9045037593994
2025-01-20 04:00:00+00:00,2.824858757062147,high,-228.26086466165737
2025-01-20 05:00:00+00:00,2.824858757062147,high,-226.9554887218065
2025-01-20 06:00:00+00:00,23.44632768361582,high,-155.25915789474013
2025-01-20 07:00:00+00:00,27.401129943502823,high,-100.06633082706976
2025-01-20 08:00:00+00:00,35.02824858757062,high,-22.83402255639293
2025-01-20 09:00:00+00:00,23.163841807909606,high,47.07000751879173
2025-01-20 10:00:00+00:00,19.491525423728813,high,112.90193233082691
2025-01-20 11:00:00+00:00,24.293785310734464,high,174.9084436090203
2025-01-20 12:00:00+00:00,9.322033898305085,high,213.49080451127656
2025-01-20 13:00:00+00:00,13.27683615819209,high,266.38384962405917
2025-01-20 14:00:00+00:00,16.38418079096045,high,312.5735413533812
2025-01-20 15:00:00+00:00,9.322033898305085,high,331.23470676691517
2025-01-20 16:00:00+00:00,16.666666666666664,high,377.4182180451093
2025-01-20 17:00:00+00:00,2.824858757062147,high,329.1385939849604
2025-01-20 18:00:00+00:00,8.47457627118644,high,291.4923984962402
2025-01-20 19:00:00+00:00,7.627118644067797,high,216.77408270676602
2025-01-20 20:00:00+00:00,6.497175141242938,high,113.60215037594025
2025-01-20 21:00:00+00:00,2.5423728813559325,high,3.804030075184993
2025-01-20 22:00:00+00:00,7.344632768361582,high,-74.92097744361114
2025-01-20 23:00:00+00:00,3.1073446327683616,high,-175.9762556390997
2025-01-21 00:00:00+00:00,2.5423728813559325,high,-287.52814285714487
2025-01-21 01:00:00+00:00,3.1073446327683616,high,-391.3074360902296
2025-01-21 02:00:00+00:00,3.389830508474576,high,-397.65868421052915
2025-01-21 03:00:00+00:00,3.389830508474576,high,-396.778669172934
2025-01-21 04:00:00+00:00,3.954802259887006,high,-379.12312781955006
2025-01-21 05:00:00+00:00,2.824858757062147,high,-369.4237669172953
2025-01-21 06:00:00+00:00,3.1073446327683616,high,-340.622157894739
2025-01-21 07:00:00+00:00,5.084745762711865,high,-301.45103007519316
2025-01-21 08:00:00+00:00,4.519774011299435,high,-266.9234210526346
2025-01-21 09:00:00+00:00,4.788732394366197,high,-205.86963909774715
2025-01-21 10:00:00+00:00,16.619718309859156,high,-131.85553383458995
2025-01-21 11:00:00+00:00,23.661971830985916,high,-88.15696240601532
2025-01-21 12:00:00+00:00,26.197183098591548,high,-4.734676691730379
2025-01-21 13:00:00+00:00,26.197183098591548,high,22.490052631577118
2025-01-21 14:00:00+00:00,16.338028169014084,high,45.65433082706682
2025-01-21 15:00:00+00:00,23.661971830985916,high,75.79573684210308
2025-01-21 16:00:00+00:00,50.985915492957744,high,119.4711278195483
2025-01-21 17:00:00+00:00,91.54929577464789,high,161.8127669172895
2025-01-21 18:00:00+00:00,94.92957746478872,high,224.58144360902102
2025-01-21 19:00:00+00:00,89.5774647887324,high,263.60492481202857
2025-01-21 20:00:00+00:00,87.60563380281691,high,265.7540526315773
2025-01-21 21:00:00+00:00,89.85915492957747,high,274.4298345864634
2025-01-21 22:00:00+00:00,88.73239436619718,high,280.62257894736774
2025-01-21 23:00:00+00:00,86.47887323943661,high,289.90324812029695
2025-01-22 00:00:00+00:00,92.11267605633803,high,282.21834586466
2025-01-22 01:00:00+00:00,73.52112676056338,high,251.5541879699248
2025-01-22 02:00:00+00:00,82.25352112676056,high,223.92562406014858
2025-01-22 03:00:00+00:00,83.09859154929578,high,188.45028571428222
2025-01-22 04:00:00+00:00,77.74647887323944,high,154.77993984962225
2025-01-22 05:00:00+00:00,75.21126760563381,high,121.80623308270526
2025-01-22 06:00:00+00:00,77.46478873239437,high,87.09385714285617
2025-01-22 07:00:00+00:00,64.22535211267606,high,54.26247368420971
2025-01-22 08:00:00+00:00,70.70422535211267,medium,34.11021052631403
2025-01-22 09:00:00+00:00,70.70422535211267,medium,7.762451127817834
2025-01-22 10:00:00+00:00,74.64788732394366,medium,-36.00952631579137
2025-01-22 11:00:00+00:00,86.47887323943661,medium,-72.44679699248184
2025-01-22 12:00:00+00:00,80.0,medium,-91.96531578947538
2025-01-22 13:00:00+00:00,54.929577464788736,medium,-110.0579323308276
2025-01-22 14:00:00+00:00,64.22535211267606,low,-109.56435338346104
2025-01-22 15:00:00+00:00,57.183098591549296,low,-105.72562406015253
2025-01-22 16:00:00+00:00,67.32394366197182,low,-118.50328571428777
2025-01-22 17:00:00+00:00,76.33802816901408,low,-108.44117293233458
2025-01-22 18:00:00+00:00,40.0,low,-113.41196992481464
2025-01-22 19:00:00+00:00,53.80281690140845,low,-102.40545864661861
2025-01-22 20:00:00+00:00,49.29577464788733,low,-96.62727819549181
2025-01-22 21:00:00+00:00,41.40845070422535,low,-94.0692030075209
2025-01-22 22:00:00+00:00,26.197183098591548,low,-95.5094285714331
2025-01-22 23:00:00+00:00,27.605633802816904,low,-96.40059398496562
2025-01-23 00:00:00+00:00,24.788732394366196,low,-100.48781203007606
2025-01-23 01:00:00+00:00,12.676056338028168,low,-104.77690225564133
2025-01-23 02:00:00+00:00,12.112676056338028,low,-113.75555639097982
2025-01-23 03:00:00+00:00,12.394366197183098,low,-126.06850375940166
2025-01-23 04:00:00+00:00,9.014084507042254,low,-137.0258646616575
2025-01-23 05:00:00+00:00,10.140845070422536,medium,-141.14930075188184
2025-01-23 06:00:00+00:00,7.887323943661972,medium,-143.0317067669192
2025-01-23 07:00:00+00:00,15.211267605633802,medium,-134.76360150375882
2025-01-23 08:00:00+00:00,7.042253521126761,medium,-127.19532330827374
2025-01-23 09:00:00+00:00,6.760563380281689,low,-141.77077443609397
2025-01-23 10:00:00+00:00,4.507042253521127,low,-147.52037593985278
2025-01-23 11:00:00+00:00,6.197183098591549,low,-148.8412781954891
2025-01-23 12:00:00+00:00,5.070422535211268,low,-158.71933834586503
2025-01-23 13:00:00+00:00,7.605633802816901,low,-142.83816541353465
2025-01-23 14:00:00+00:00,15.774647887323944,high,-92.7129097744354
2025-01-23 15:00:00+00:00,12.676056338028168,high,-32.26495488722342
2025-01-23 16:00:00+00:00,13.521126760563378,high,20.576684210522114
2025-01-23 17:00:00+00:00,19.718309859154928,high,79.77378947368136
2025-01-23 18:00:00+00:00,7.605633802816901,high,125.51980451127699
2025-01-23 19:00:00+00:00,4.788732394366197,high,142.7616240601466
2025-01-23 20:00:00+00:00,7.323943661971831,high,146.66919548871797
2025-01-23 21:00:00+00:00,3.6619718309859155,high,141.7470601503729
2025-01-23 22:00:00+00:00,19.718309859154928,high,145.08972180450883
2025-01-23 23:00:00+00:00,23.380281690140844,high,142.39932330826608
2025-01-24 00:00:00+00:00,6.478873239436619,high,124.81006015037619
2025-01-24 01:00:00+00:00,5.070422535211268,high,109.34592481202793
2025-01-24 02:00:00+00:00,5.633802816901409,high,85.3529999999984
2025-01-24 03:00:00+00:00,8.732394366197182,high,79.8904586466133
2025-01-24 04:00:00+00:00,23.661971830985916,high,75.41790225563695
2025-01-24 05:00:00+00:00,78.30985915492957,high,67.15739097744218
2025-01-24 06:00:00+00:00,61.97183098591549,high,50.439481203005016
2025-01-24 07:00:00+00:00,59.154929577464785,high,33.664195488721106
2025-01-24 08:00:00+00:00,76.61971830985915,high,13.831398496235485
2025-01-24 09:00:00+00:00,76.05633802816901,high,-3.0294962406033688
2025-01-24 10:00:00+00:00,83.66197183098592,medium,22.657248120296348
2025-01-24 11:00:00+00:00,84.50704225352112,medium,48.87599999999791
2025-01-24 12:00:00+00:00,86.76056338028168,medium,74.41717293232865
2025-01-24 13:00:00+00:00,83.38028169014085,medium,105.9915112781932
2025-01-24 14:00:00+00:00,85.63380281690141,medium,139.97705263157744
2025-01-24 15:00:00+00:00,69.85915492957746,medium,148.79646616541567
2025-01-24 16:00:00+00:00,50.985915492957744,medium,143.74794736841838
2025-01-24 17:00:00+00:00,68.73239436619718,medium,143.51342105262844
2025-01-24 18:00:00+00:00,56.056338028169016,low,150.53582706766798
2025-01-24 19:00:00+00:00,42.53521126760563,medium,144.84793233082496
2025-01-24 20:00:00+00:00,14.929577464788732,medium,116.17199999999904
2025-01-24 21:00:00+00:00,17.74647887323944,medium,85.81245864661233
2025-01-24 22:00:00+00:00,10.985915492957748,medium,44.20137593985033
2025-01-24 23:00:00+00:00,11.267605633802818,medium,15.101428571426466
2025-01-25 00:00:00+00:00,6.478873239436619,low,-10.223894736845292
2025-01-25 01:00:00+00:00,11.830985915492958,low,-21.362789473686746
2025-01-25 02:00:00+00:00,17.74647887323944,low,-37.97264661654445
2025-01-25 03:00:00+00:00,33.23943661971831,medium,-43.869067669174406
2025-01-25 04:00:00+00:00,18.30985915492958,medium,-50.75168421052883
2025-01-25 05:00:00+00:00,21.12676056338028,medium,-65.971849624061
2025-01-25 06:00:00+00:00,15.774647887323944,medium,-76.58175187970038
2025-01-25 07:00:00+00:00,13.521126760563378,medium,-84.35746616541674
2025-01-25 08:00:00+00:00,14.084507042253522,medium,-89.52542105263481
2025-01-25 09:00:00+00:00,14.647887323943662,low,-99.01003759398658
2025-01-25 10:00:00+00:00,17.464788732394364,low,-94.78379699248526
2025-01-25 11:00:00+00:00,21.971830985915496,low,-85.2444812030128
2025-01-25 12:00:00+00:00,21.971830985915496,low,-76.12500751880094
2025-01-25 13:00:00+00:00,22.535211267605636,low,-53.34760902255931
2025-01-25 14:00:00+00:00,28.169014084507044,low,-31.687706766918748
2025-01-25 15:00:00+00:00,41.40845070422535,low,-12.12490225564108
2025-01-25 16:00:00+00:00,34.831460674157306,low,-8.97340601503969
2025-01-25 17:00:00+00:00,39.8876404494382,low,2.1745639097738114
2025-01-25 18:00:00+00:00,43.258426966292134,low,9.372954887216538
2025-01-25 19:00:00+00:00,39.04494382022472,low,18.75743609022695
2025-01-25 20:00:00+00:00,35.674157303370784,low,19.46674436090064
2025-01-25 21:00:00+00:00,39.8876404494382,low,26.341345864660283
2025-01-25 22:00:00+00:00,40.73033707865169,low,29.488097744358704
2025-01-25 23:00:00+00:00,27.808988764044944,low,37.28218045112483
2025-01-26 00:00:00+00:00,43.258426966292134,low,34.90918796992376
2025-01-26 01:00:00+00:00,44.662921348314605,low,28.461187969922644
2025-01-26 02:00:00+00:00,40.44943820224719,low,21.78352631578946
2025-01-26 03:00:00+00:00,60.67415730337079,low,20.98429323308295
2025-01-26 04:00:00+00:00,74.43820224719101,low,20.070977443603905
2025-01-26 05:00:00+00:00,65.4494382022472,low,17.150308270675417
2025-01-26 06:00:00+00:00,64.60674157303372,low,14.396375939849761
2025-01-26 07:00:00+00:00,69.10112359550563,low,13.141458646615567
2025-01-26 08:00:00+00:00,62.35955056179775,low,13.148127819546348
2025-01-26 09:00:00+00:00,38.20224719101123,low,6.449293233082218
2025-01-26 10:00:00+00:00,57.865168539325836,low,-0.7485413533860059
2025-01-26 11:00:00+00:00,69.10112359550563,low,-1.940796992484958
2025-01-26 12:00:00+00:00,70.78651685393258,low,-5.8304962406048375
2025-01-26 13:00:00+00:00,72.47191011235955,low,-5.183593984964104
2025-01-26 14:00:00+00:00,74.43820224719101,low,-3.560398496241665
2025-01-26 15:00:00+00:00,72.75280898876404,low,-0.4174736842144566
2025-01-26 16:00:00+00:00,75.84269662921348,low,1.0314962406010066
2025-01-26 17:00:00+00:00,82.58426966292134,low,4.7886015037572
2025-01-26 18:00:00+00:00,85.39325842696628,low,11.669135338345644
2025-01-26 19:00:00+00:00,84.8314606741573,low,11.846097744360002
2025-01-26 20:00:00+00:00,75.0,low,7.3197443608999775
2025-01-26 21:00:00+00:00,46.348314606741575,low,-3.0063458646650374
2025-01-26 22:00:00+00:00,38.20224719101123,low,-15.296037593987865
2025-01-26 23:00:00+00:00,8.98876404494382,low,-45.68539097744591
2025-01-27 00:00:00+00:00,5.8988764044943816,medium,-83.37873684210744
2025-01-27 01:00:00+00:00,5.8988764044943816,medium,-123.15110526316246
2025-01-27 02:00:00+00:00,5.056179775280898,medium,-163.26679699248456
2025-01-27 03:00:00+00:00,5.056179775280898,medium,-191.60936090225798
2025-01-27 04:00:00+00:00,3.3707865168539324,medium,-228.10826315789646
2025-01-27 05:00:00+00:00,2.8089887640449436,medium,-264.4946015037603
2025-01-27 06:00:00+00:00,2.247191011235955,medium,-313.3885187969925
2025-01-27 07:00:00+00:00,3.3707865168539324,medium,-350.67969924812104
2025-01-27 08:00:00+00:00,3.651685393258427,medium,-378.2279473684239
2025-01-27 09:00:00+00:00,3.651685393258427,medium,-390.41500751879823
2025-01-27 10:00:00+00:00,3.089887640449438,high,-409.29288721804824
2025-01-27 11:00:00+00:00,3.089887640449438,high,-412.69321804511793
2025-01-27 12:00:00+00:00,4.213483146067416,high,-380.6684210526343
2025-01-27 13:00:00+00:00,4.213483146067416,high,-343.97636090225717
2025-01-27 14:00:00+00:00,6.460674157303371,high,-276.41712781955454
2025-01-27 15:00:00+00:00,6.741573033707865,high,-216.99547368421383
2025-01-27 16:00:00+00:00,6.741573033707865,high,-173.2263082706792
2025-01-27 17:00:00+00:00,6.460674157303371,high,-136.31626315789646
2025-01-27 18:00:00+00:00,5.056179775280898,high,-94.43042857143023
2025-01-27 19:00:00+00:00,5.8988764044943816,high,-64.37451879699357
2025-01-27 20:00:00+00:00,10.674157303370785,high,-19.919300751883384
2025-01-27 21:00:00+00:00,12.640449438202248,high,17.89630827067322
2025-01-27 22:00:00+00:00,14.606741573033707,high,54.88924060150102
2025-01-27 23:00:00+00:00,16.01123595505618,high,103.5373834586458
2025-01-28 00:00:00+00:00,13.202247191011235,high,132.34976691729227
2025-01-28 01:00:00+00:00,10.674157303370785,high,151.65796992480847
2025-01-28 02:00:00+00:00,17.134831460674157,high,161.6258120300711
2025-01-28 03:00:00+00:00,20.224719101123593,high,171.20734586466014
2025-01-28 04:00:00+00:00,26.40449438202247,high,179.11340601503554
2025-01-28 05:00:00+00:00,29.213483146067414,high,188.8443609022563
2025-01-28 06:00:00+00:00,21.629213483146067,high,173.02730827067307
2025-01-28 07:00:00+00:00,21.06741573033708,high,157.1308345864625
2025-01-28 08:00:00+00:00,19.9438202247191,high,165.4005714285699
2025-01-28 09:00:00+00:00,18.820224719101123,high,169.668691729322
2025-01-28 10:00:00+00:00,21.629213483146067,high,189.89841353383312
2025-01-28 11:00:00+00:00,19.662921348314608,high,196.35471428571464
2025-01-28 12:00:00+00:00,12.359550561797752,medium,176.41479699248026
2025-01-28 13:00:00+00:00,19.9438202247191,medium,142.76379699247832
2025-01-28 14:00:00+00:00,19.101123595505616,medium,105.0399097744336
2025-01-28 15:00:00+00:00,25.0,medium,72.26372180450866
2025-01-28 16:00:00+00:00,13.48314606741573,low,53.945067669170314
2025-01-28 17:00:00+00:00,15.168539325842698,low,38.3579473684183
2025-01-28 18:00:00+00:00,11.235955056179774,low,20.22784962405779
2025-01-28 19:00:00+00:00,11.797752808988763,low,11.399992481200874
2025-01-28 20:00:00+00:00,4.49438202247191,medium,-18.090631578951957
2025-01-28 21:00:00+00:00,3.651685393258427,medium,-67.45795488722032
2025-01-28 22:00:00+00:00,4.213483146067416,medium,-85.84464661654435
2025-01-28 23:00:00+00:00,4.49438202247191,medium,-97.82443609022819
2025-01-29 00:00:00+00:00,5.8988764044943816,medium,-98.41801503759753
2025-01-29 01:00:00+00:00,7.584269662921349,medium,-93.38766165413881
2025-01-29 02:00:00+00:00,9.269662921348315,medium,-91.57388721804625
2025-01-29 03:00:00+00:00,14.606741573033707,medium,-84.14860902255722
2025-01-29 04:00:00+00:00,14.887640449438203,medium,-75.15258646616911
2025-01-29 05:00:00+00:00,23.595505617977526,medium,-59.49629323308244
2025-01-29 06:00:00+00:00,50.0,medium,-38.41300000000094
2025-01-29 07:00:00+00:00,54.21348314606742,medium,-17.80601503759516
2025-01-29 08:00:00+00:00,42.41573033707865,medium,-0.0877894736860451
2025-01-29 09:00:00+00:00,17.134831460674157,medium,11.709924812027994
2025-01-29 10:00:00+00:00,23.314606741573034,medium,27.645037593981797
2025-01-29 11:00:00+00:00,20.786516853932586,medium,47.28448872180463
2025-01-29 12:00:00+00:00,12.921348314606742,medium,52.840894736840426
2025-01-29 13:00:00+00:00,5.056179775280898,medium,57.90147368421229
2025-01-29 14:00:00+00:00,6.179775280898876,medium,61.04163909774221
2025-01-29 15:00:00+00:00,6.460674157303371,medium,67.19332330826997
2025-01-29 16:00:00+00:00,6.460674157303371,low,57.28886466164973
2025-01-29 17:00:00+00:00,9.269662921348315,low,35.94793984962256
2025-01-29 18:00:00+00:00,16.573033707865168,low,32.587699248116465
2025-01-29 19:00:00+00:00,45.2247191011236,low,38.36851879699147
2025-01-29 20:00:00+00:00,78.08988764044943,low,55.27745112781822
2025-01-29 21:00:00+00:00,79.49438202247191,low,64.22004511278183
2025-01-29 22:00:00+00:00,49.43820224719101,low,65.97004511278168
2025-01-29 23:00:00+00:00,20.224719101123593,low,72.44778947368174
2025-01-30 00:00:00+00:00,34.831460674157306,low,79.97303759398275
2025-01-30 01:00:00+00:00,58.70786516853933,low,91.97487969924418
2025-01-30 02:00:00+00:00,80.0561797752809,low,115.18717293232989
2025-01-30 03:00:00+00:00,93.82022471910112,low,142.48824060150216
2025-01-30 04:00:00+00:00,94.66292134831461,low,169.7728045112762
2025-01-30 05:00:00+00:00,93.53932584269663,low,185.1882932330807
2025-01-30 06:00:00+00:00,91.85393258426966,low,196.65411278195435
2025-01-30 07:00:00+00:00,92.41573033707866,low,204.9698345864634
2025-01-30 08:00:00+00:00,95.2247191011236,low,201.94688721804178
2025-01-30 09:00:00+00:00,96.06741573033707,low,193.4821503759389
2025-01-30 10:00:00+00:00,96.34831460674157,low,181.74651879698916
2025-01-30 11:00:00+00:00,96.06741573033707,low,163.60959398495936
2025-01-30 12:00:00+00:00,94.3820224719101,low,138.2276766917267
2025-01-30 13:00:00+00:00,96.06741573033707,low,111.41583458646464
2025-01-30 14:00:00+00:00,97.19101123595506,low,102.81118796992259
2025-01-30 15:00:00+00:00,95.50561797752809,low,96.02531578947298
2025-01-30 16:00:00+00:00,96.34831460674157,low,97.79204511278067
2025-01-30 17:00:00+00:00,95.78651685393258,low,84.47807518796907
2025-01-30 18:00:00+00:00,96.34831460674157,low,68.87238345864668
2025-01-30 19:00:00+00:00,96.34831460674157,low,55.82690225563544
2025-01-30 20:00:00+00:00,92.69662921348315,low,32.94266917293301
2025-01-30 21:00:00+00:00,92.13483146067416,low,14.517947368418325
2025-01-30 22:00:00+00:00,92.69662921348315,low,1.8662255639062713
2025-01-30 23:00:00+00:00,91.01123595505618,low,-8.330240601506052
2025-01-31 00:00:00+00:00,91.57303370786516,low,-10.85484962406312
2025-01-31 01:00:00+00:00,90.4494382022472,low,-16.53627819548936
2025-01-31 02:00:00+00:00,82.30337078651685,low,-29.8079548872203
2025-01-31 03:00:00+00:00,77.52808988764045,low,-42.59913533834854
2025-01-31 04:00:00+00:00,64.32584269662921,low,-60.156300751882924
2025-01-31 05:00:00+00:00,81.17977528089888,low,-66.11105263158123
2025-01-31 06:00:00+00:00,89.32584269662921,low,-68.74508270677003
2025-01-31 07:00:00+00:00,85.1123595505618,low,-75.43787218045497
2025-01-31 08:00:00+00:00,73.59550561797754,low,-87.17194736842302
2025-01-31 09:00:00+00:00,83.70786516853933,low,-96.37215037594315
2025-01-31 10:00:00+00:00,84.26966292134831,low,-87.81122556391277
2025-01-31 11:00:00+00:00,94.66292134831461,low,-75.96378195489041
2025-01-31 12:00:00+00:00,94.3820224719101,low,-61.21928571428875
2025-01-31 13:00:00+00:00,95.78651685393258,low,-51.831127819549636
2025-01-31 14:00:00+00:00,92.13483146067416,low,-40.242706766918346
2025-01-31 15:00:00+00:00,96.91011235955057,low,-10.267654135341454
2025-01-31 16:00:00+00:00,94.66292134831461,low,1.9234436090194367
2025-01-31 17:00:00+00:00,90.1685393258427,low,8.932661654131815
2025-01-31 18:00:00+00:00,68.25842696629213,medium,-10.541511278197577
2025-01-31 19:00:00+00:00,75.56179775280899,medium,-36.672759398498656
2025-01-31 20:00:00+00:00,62.07865168539326,medium,-65.44003007519159
2025-01-31 21:00:00+00:00,58.14606741573034,medium,-85.3386390977447
2025-01-31 22:00:00+00:00,50.0,medium,-105.87223308270883
2025-01-31 23:00:00+00:00,53.93258426966292,high,-120.83039849624245
2025-02-01 00:00:00+00:00,68.82022471910112,medium,-137.29417293233197
2025-02-01 01:00:00+00:00,65.73033707865169,medium,-145.53726315789783
2025-02-01 02:00:00+00:00,73.31460674157303,medium,-149.52808270677
2025-02-01 03:00:00+00:00,55.0561797752809,medium,-158.66039097744573
2025-02-01 04:00:00+00:00,60.39325842696629,medium,-166.4424812030087
2025-02-01 05:00:00+00:00,70.2247191011236,medium,-165.42639097744507
2025-02-01 06:00:00+00:00,57.865168539325836,medium,-162.7210150375963
2025-02-01 07:00:00+00:00,37.359550561797754,medium,-153.42894736842203
2025-02-01 08:00:00+00:00,22.47191011235955,medium,-142.90519548872317
2025-02-01 09:00:00+00:00,8.426966292134832,medium,-133.85102255639092
2025-02-01 10:00:00+00:00,9.550561797752808,medium,-124.33939097744518
2025-02-01 11:00:00+00:00,16.01123595505618,medium,-88.90250375939824
2025-02-01 12:00:00+00:00,19.9438202247191,medium,-50.77797744360985
2025-02-01 13:00:00+00:00,8.426966292134832,medium,-22.18562406015127
2025-02-01 14:00:00+00:00,7.584269662921349,low,-20.954015037595507
2025-02-01 15:00:00+00:00,7.584269662921349,low,-19.973541353385194
2025-02-01 16:00:00+00:00,4.49438202247191,low,-31.21206766917469
2025-02-01 17:00:00+00:00,5.617977528089887,low,-30.08101503759632
2025-02-01 18:00:00+00:00,4.213483146067416,low,-31.040609022556673
2025-02-01 19:00:00+00:00,3.651685393258427,low,-33.728954887220155
2025-02-01 20:00:00+00:00,3.932584269662921,low,-39.045902255640385
2025-02-01 21:00:00+00:00,3.3707865168539324,low,-43.40151127819859
2025-02-01 22:00:00+00:00,3.651685393258427,low,-54.86671428571765
2025-02-01 23:00:00+00:00,2.8089887640449436,low,-67.52169172932706
2025-02-02 00:00:00+00:00,3.3707865168539324,low,-68.00415789474219
2025-02-02 01:00:00+00:00,3.651685393258427,low,-63.90683458647185
2025-02-02 02:00:00+00:00,2.8089887640449436,low,-70.83494736842428
2025-02-02 03:00:00+00:00,2.247191011235955,medium,-96.35254887218363
2025-02-02 04:00:00+00:00,2.247191011235955,medium,-115.04317293233292
2025-02-02 05:00:00+00:00,2.528089887640449,medium,-125.09010526316203
2025-02-02 06:00:00+00:00,2.247191011235955,medium,-133.5265789473703
2025-02-02 07:00:00+00:00,3.089887640449438,medium,-142.61150375940102
2025-02-02 08:00:00+00:00,3.089887640449438,medium,-141.49719548872343
2025-02-02 09:00:00+00:00,2.8089887640449436,medium,-145.160398496242
2025-02-02 10:00:00+00:00,2.8089887640449436,medium,-150.113443609026
2025-02-02 11:00:00+00:00,2.247191011235955,medium,-155.44411278195628
2025-02-02 12:00:00+00:00,2.247191011235955,medium,-168.6242481203032
2025-02-02 13:00:00+00:00,2.8089887640449436,medium,-161.547293233084
2025-02-02 14:00:00+00:00,2.8089887640449436,medium,-147.49783458646792
2025-02-02 15:00:00+00:00,3.089887640449438,medium,-132.4896165413526
2025-02-02 16:00:00+00:00,1.9662921348314606,high,-134.76751127819668
2025-02-02 17:00:00+00:00,1.6853932584269662,high,-149.32592481203142
2025-02-02 18:00:00+00:00,1.4044943820224718,high,-168.34060902255567
2025-02-02 19:00:00+00:00,1.6853932584269662,high,-165.53493233082767
2025-02-02 20:00:00+00:00,1.1235955056179776,high,-156.36132330827283
2025-02-02 21:00:00+00:00,0.8426966292134831,high,-153.0411729323333
2025-02-02 22:00:00+00:00,1.4044943820224718,high,-142.02212030075427
2025-02-02 23:00:00+00:00,0.8426966292134831,high,-151.1680526315788
2025-02-03 00:00:00+00:00,0.8426966292134831,high,-169.80034586466428
2025-02-03 01:00:00+00:00,0.5617977528089888,high,-216.43310526316125
2025-02-03 02:00:00+00:00,0.5617977528089888,high,-250.856052631581
2025-02-03 03:00:00+00:00,1.1235955056179776,high,-278.27050375940087
2025-02-03 04:00:00+00:00,0.5617977528089888,high,-312.1814436090235
2025-02-03 05:00:00+00:00,1.1235955056179776,high,-317.29276691729547
2025-02-03 06:00:00+00:00,1.6853932584269662,high,-322.84980451128007
2025-02-03 07:00:00+00:00,2.528089887640449,high,-308.5363082706789
2025-02-03 08:00:00+00:00,2.247191011235955,high,-299.6533458646639
2025-02-03 09:00:00+00:00,2.247191011235955,high,-277.646714285715
2025-02-03 10:00:00+00:00,2.528089887640449,high,-237.80648120301075
2025-02-03 11:00:00+00:00,2.247191011235955,high,-198.95753383458765
2025-02-03 12:00:00+00:00,1.9662921348314606,high,-175.74469924812135
2025-02-03 13:00:00+00:00,1.9662921348314606,high,-165.0346240601526
2025-02-03 14:00:00+00:00,3.089887640449438,high,-125.19375187970323
2025-02-03 15:00:00+00:00,6.179775280898876,high,-33.71048872180759
2025-02-03 16:00:00+00:00,7.584269662921349,high,45.14456390977112
2025-02-03 17:00:00+00:00,8.707865168539326,high,120.07922556390633
2025-02-03 18:00:00+00:00,9.831460674157304,high,215.81416541353258
2025-02-03 19:00:00+00:00,21.34831460674157,high,333.65481954886894
2025-02-03 20:00:00+00:00,14.325842696629213,high,415.0471428571404
2025-02-03 21:00:00+00:00,42.41573033707865,high,451.28337593984986
2025-02-03 22:00:00+00:00,57.865168539325836,high,475.46612030075096
2025-02-03 23:00:00+00:00,55.0561797752809,high,489.6437593984934
2025-02-04 00:00:00+00:00,37.359550561797754,high,469.22315789473447
2025-02-04 01:00:00+00:00,47.47191011235955,high,463.5729624060129
2025-02-04 02:00:00+00:00,28.370786516853936,high,434.57793233082594
2025-02-04 03:00:00+00:00,28.08988764044944,high,414.61144360901955
2025-02-04 04:00:00+00:00,24.15730337078652,high,378.5535187969913
2025-02-04 05:00:00+00:00,5.617977528089887,high,317.4544586466161
2025-02-04 06:00:00+00:00,8.707865168539326,high,264.84509774435867
2025-02-04 07:00:00+00:00,5.617977528089887,high,184.19675939849552
2025-02-04 08:00:00+00:00,6.179775280898876,high,91.04341353383263
2025-02-04 09:00:00+00:00,7.02247191011236,high,-8.520646616544749
2025-02-04 10:00:00+00:00,16.292134831460675,high,-76.9048045112793
2025-02-04 11:00:00+00:00,19.9438202247191,high,-110.33430827067882
2025-02-04 12:00:00+00:00,51.12359550561798,high,-143.03919548872477
2025-02-04 13:00:00+00:00,41.01123595505618,high,-171.57130075188152
2025-02-04 14:00:00+00:00,67.97752808988764,high,-176.21326315789662
2025-02-04 15:00:00+00:00,54.49438202247191,medium,-157.6277518797025
2025-02-04 16:00:00+00:00,58.98876404494382,medium,-152.15642857142936
2025-02-04 17:00:00+00:00,72.47191011235955,medium,-130.4729849624076
2025-02-04 18:00:00+00:00,84.5505617977528,medium,-102.99027819549191
2025-02-04 19:00:00+00:00,60.95505617977528,medium,-85.80939849624305
2025-02-04 20:00:00+00:00,47.752808988764045,medium,-72.15289473684369
2025-02-04 21:00:00+00:00,16.573033707865168,high,-80.29094736842146
2025-02-04 22:00:00+00:00,48.31460674157304,high,-72.8667443609033
2025-02-04 23:00:00+00:00,72.75280898876404,high,-63.00031578947265
2025-02-05 00:00:00+00:00,62.92134831460674,high,-50.62886466165337
2025-02-05 01:00:00+00:00,62.64044943820225,high,-60.38607518797351
2025-02-05 02:00:00+00:00,83.98876404494382,high,-58.63579699248194
2025-02-05 03:00:00+00:00,75.84269662921348,high,-68.68205263158093
2025-02-05 04:00:00+00:00,71.06741573033707,high,-80.29766165413723
2025-02-05 05:00:00+00:00,82.30337078651685,high,-89.66968421052914
2025-02-05 06:00:00+00:00,51.12359550561798,high,-98.71588721804409
2025-02-05 07:00:00+00:00,62.07865168539326,high,-100.06616541353463
2025-02-05 08:00:00+00:00,52.80898876404494,high,-96.81939849624165
2025-02-05 09:00:00+00:00,47.752808988764045,high,-99.84299999999999
2025-02-05 10:00:00+00:00,54.7752808988764,high,-80.31895488722024
2025-02-05 11:00:00+00:00,73.31460674157303,high,-60.86321804511538
2025-02-05 12:00:00+00:00,59.269662921348306,high,-46.480368421055985
2025-02-05 13:00:00+00:00,75.56179775280899,high,-21.323375939849015
2025-02-05 14:00:00+00:00,44.10112359550562,high,4.663293233080073
2025-02-05 15:00:00+00:00,41.01123595505618,high,21.053917293230196
2025-02-05 16:00:00+00:00,24.15730337078652,high,33.25303759398278
2025-02-05 17:00:00+00:00,9.269662921348315,medium,6.671932330823877
2025-02-05 18:00:00+00:00,11.235955056179774,low,-14.702954887221637
2025-02-05 19:00:00+00:00,25.280898876404496,low,-24.253729323311347
2025-02-05 20:00:00+00:00,12.921348314606742,low,-25.81266165413745
2025-02-05 21:00:00+00:00,13.764044943820226,low,-38.62954135338468
2025-02-05 22:00:00+00:00,8.98876404494382,low,-54.297646616543766
2025-02-05 23:00:00+00:00,14.606741573033707,low,-64.5280601503787
2025-02-06 00:00:00+00:00,12.359550561797752,low,-69.45230075188347
2025-02-06 01:00:00+00:00,19.101123595505616,low,-66.33130827067843
2025-02-06 02:00:00+00:00,25.56179775280899,low,-66.49855639097832
2025-02-06 03:00:00+00:00,28.08988764044944,low,-62.99882706767112
2025-02-06 04:00:00+00:00,40.44943820224719,low,-58.635195488722786
2025-02-06 05:00:00+00:00,38.20224719101123,low,-54.791887218046504
2025-02-06 06:00:00+00:00,65.1685393258427,low,-38.45413533834824
2025-02-06 07:00:00+00:00,33.98876404494382,low,-18.51814285714527
2025-02-06 08:00:00+00:00,25.56179775280899,low,-1.754954887220867
2025-02-06 09:00:00+00:00,37.92134831460674,low,29.93483458646294
2025-02-06 10:00:00+00:00,27.247191011235955,low,62.87091729323063
2025-02-06 11:00:00+00:00,18.53932584269663,low,90.0103233082676
2025-02-06 12:00:00+00:00,11.235955056179774,medium,106.15993233082686
2025-02-06 13:00:00+00:00,14.04494382022472,low,118.75838345864524
2025-02-06 14:00:00+00:00,6.741573033707865,low,105.73421804511082
2025-02-06 15:00:00+00:00,3.089887640449438,low,94.05861654135035
2025-02-06 16:00:00+00:00,5.056179775280898,medium,71.04357142856979
2025-02-06 17:00:00+00:00,4.49438202247191,medium,44.34987218044891
2025-02-06 18:00:00+00:00,3.651685393258427,medium,5.007864661652932
2025-02-06 19:00:00+00:00,3.651685393258427,medium,-36.27593233083052
2025-02-06 20:00:00+00:00,6.741573033707865,medium,-59.745473684211206
2025-02-06 21:00:00+00:00,5.337078651685393,medium,-79.81427819549242
2025-02-06 22:00:00+00:00,5.056179775280898,medium,-93.94658646616783
2025-02-06 23:00:00+00:00,3.932584269662921,medium,-113.39888721804954
2025-02-07 00:00:00+00:00,3.651685393258427,medium,-128.18548872180568
2025-02-07 01:00:00+00:00,7.02247191011236,medium,-125.11410526316135
2025-02-07 02:00:00+00:00,7.303370786516854,medium,-110.17527819548916
2025-02-07 03:00:00+00:00,6.179775280898876,medium,-98.92005263157967
2025-02-07 04:00:00+00:00,5.617977528089887,medium,-87.72752631579357
2025-02-07 05:00:00+00:00,4.49438202247191,medium,-69.19842105263473
2025-02-07 06:00:00+00:00,4.775280898876404,medium,-50.89951127819601
2025-02-07 07:00:00+00:00,5.617977528089887,medium,-31.18348120300896
2025-02-07 08:00:00+00:00,9.831460674157304,medium,-12.899060150379515
2025-02-07 09:00:00+00:00,14.606741573033707,medium,15.368285714283829
2025-02-07 10:00:00+00:00,14.325842696629213,medium,32.98821804511203
2025-02-07 11:00:00+00:00,34.831460674157306,medium,50.5100751879661
2025-02-07 12:00:00+00:00,34.26966292134831,medium,58.67514285714009
2025-02-07 13:00:00+00:00,87.92134831460675,medium,79.14631578947251
2025-02-07 14:00:00+00:00,92.41573033707866,medium,102.7612932330796
2025-02-07 15:00:00+00:00,65.1685393258427,high,95.61637593984793
2025-02-07 16:00:00+00:00,39.60674157303371,medium,93.39190225563635
2025-02-07 17:00:00+00:00,24.719101123595504,medium,82.31781954887182
2025-02-07 18:00:00+00:00,41.853932584269664,medium,77.24076691729275
2025-02-07 19:00:00+00:00,23.03370786516854,high,52.376037593984854
2025-02-07 20:00:00+00:00,3.3707865168539324,high,10.054338345865164
2025-02-07 21:00:00+00:00,3.089887640449438,high,-13.467789473683679
2025-02-07 22:00:00+00:00,3.651685393258427,high,-31.44910526315839
2025-02-07 23:00:00+00:00,9.550561797752808,high,-42.89287969924918
2025-02-08 00:00:00+00:00,13.202247191011235,high,-51.02560902255662
2025-02-08 01:00:00+00:00,5.056179775280898,high,-61.516947368421256
2025-02-08 02:00:00+00:00,7.584269662921349,high,-76.64403007518897
2025-02-08 03:00:00+00:00,7.865168539325842,high,-92.35631578947542
2025-02-08 04:00:00+00:00,7.303370786516854,high,-109.5097443609025
2025-02-08 05:00:00+00:00,7.865168539325842,high,-122.52617293233465
2025-02-08 06:00:00+00:00,8.146067415730338,high,-137.53800751879723
2025-02-08 07:00:00+00:00,19.382022471910112,high,-139.8549248120324
2025-02-08 08:00:00+00:00,9.269662921348315,high,-140.99904511278282
2025-02-08 09:00:00+00:00,16.292134831460675,medium,-121.53602255639306
2025-02-08 10:00:00+00:00,14.04494382022472,medium,-85.73071428571495
2025-02-08 11:00:00+00:00,20.50561797752809,medium,-65.96100000000318
2025-02-08 12:00:00+00:00,19.662921348314608,low,-51.010233082711544
2025-02-08 13:00:00+00:00,42.97752808988764,low,-36.92555639097766
2025-02-08 14:00:00+00:00,69.46778711484593,low,-18.265142857146873
2025-02-08 15:00:00+00:00,58.543417366946784,low,-14.119864661658543
2025-02-08 16:00:00+00:00,71.70868347338936,low,-22.178601503762888
2025-02-08 17:00:00+00:00,83.75350140056022,low,-23.379481203011377
2025-02-08 18:00:00+00:00,87.11484593837535,low,-22.402112781955694
2025-02-08 19:00:00+00:00,88.51540616246498,low,-14.117849624064574
2025-02-08 20:00:00+00:00,87.6750700280112,low,-5.452812030078673
2025-02-08 21:00:00+00:00,87.95518207282913,low,2.2994887218017483
2025-02-08 22:00:00+00:00,86.83473389355743,low,13.07881954887005
2025-02-08 23:00:00+00:00,89.35574229691878,low,23.040706766915562
2025-02-09 00:00:00+00:00,87.39495798319328,low,28.842669172931444
2025-02-09 01:00:00+00:00,90.19607843137256,low,38.89976691728974
2025-02-09 02:00:00+00:00,86.27450980392157,low,40.576684210524895
2025-02-09 03:00:00+00:00,96.07843137254902,low,52.7335714285699
2025-02-09 04:00:00+00:00,95.51820728291317,low,57.12607518796712
2025-02-09 05:00:00+00:00,93.8375350140056,low,61.04115037593831
2025-02-09 06:00:00+00:00,92.71708683473389,low,61.54458646616357
2025-02-09 07:00:00+00:00,93.55742296918767,low,62.448714285711496
2025-02-09 08:00:00+00:00,92.15686274509804,low,61.385631578945706
2025-02-09 09:00:00+00:00,90.19607843137256,low,59.4317293233068
2025-02-09 10:00:00+00:00,89.91596638655463,low,51.6837669172919
2025-02-09 11:00:00+00:00,88.23529411764706,low,36.04637593984927
2025-02-09 12:00:00+00:00,88.23529411764706,low,23.625631578945544
2025-02-09 13:00:00+00:00,64.70588235294117,low,5.086541353381455
2025-02-09 14:00:00+00:00,71.1484593837535,low,-7.011902255640188
2025-02-09 15:00:00+00:00,84.31372549019608,low,-12.310112781956537
2025-02-09 16:00:00+00:00,85.99439775910365,low,-20.086218045115263
2025-02-09 17:00:00+00:00,71.98879551820728,low,-30.58491729323705
2025-02-09 18:00:00+00:00,76.75070028011206,low,-40.80881203007746
2025-02-09 19:00:00+00:00,54.621848739495796,low,-53.20300751879955
2025-02-09 20:00:00+00:00,70.30812324929971,low,-59.400992481202366
2025-02-09 21:00:00+00:00,9.243697478991598,low,-74.93556390977677
2025-02-09 22:00:00+00:00,53.50140056022409,medium,-82.52242857143052
2025-02-09 23:00:00+00:00,70.86834733893558,medium,-70.70409022556666
2025-02-10 00:00:00+00:00,81.79271708683473,medium,-55.23442857142988
2025-02-10 01:00:00+00:00,12.324929971988796,medium,-58.34364661654311
2025-02-10 02:00:00+00:00,12.605042016806722,medium,-56.453654135341054
2025-02-10 03:00:00+00:00,54.34173669467787,medium,-37.41184210526694
2025-02-10 04:00:00+00:00,68.90756302521008,medium,-15.83890977443869
2025-02-10 05:00:00+00:00,79.83193277310924,medium,4.550872180449054
2025-02-10 06:00:00+00:00,73.38935574229691,medium,24.054827067665965
2025-02-10 07:00:00+00:00,77.59103641456583,medium,43.80822556390667
2025-02-10 08:00:00+00:00,84.31372549019608,medium,65.57940601503563
2025-02-10 09:00:00+00:00,80.11204481792717,medium,74.96969172932158
2025-02-10 10:00:00+00:00,73.38935574229691,medium,86.52462406014848
2025-02-10 11:00:00+00:00,78.71148459383754,medium,100.4045413533801
2025-02-10 12:00:00+00:00,64.14565826330532,medium,107.4718045112796
2025-02-10 13:00:00+00:00,92.43697478991596,medium,121.1270601503733
2025-02-10 14:00:00+00:00,78.43137254901961,high,118.85134586466057
2025-02-10 15:00:00+00:00,78.43137254901961,high,111.91639097744174
2025-02-10 16:00:00+00:00,85.15406162464986,high,108.48424812029822
2025-02-10 17:00:00+00:00,86.27450980392157,medium,88.2935112781931
2025-02-10 18:00:00+00:00,88.23529411764706,medium,75.70610526315699
2025-02-10 19:00:00+00:00,83.75350140056022,medium,68.01403759398379
2025-02-10 20:00:00+00:00,86.83473389355743,medium,62.34932330827019
2025-02-10 21:00:00+00:00,80.3921568627451,medium,38.35665413533717
2025-02-10 22:00:00+00:00,78.71148459383754,low,15.382142857140911
2025-02-10 23:00:00+00:00,80.95238095238095,low,6.63854887217991
2025-02-11 00:00:00+00:00,94.11764705882352,low,3.9040526315763575
2025-02-11 01:00:00+00:00,96.07843137254902,low,4.170736842103439
2025-02-11 02:00:00+00:00,91.59663865546219,low,1.684233082704534
2025-02-11 03:00:00+00:00,91.31652661064426,low,0.5623609022557984
2025-02-11 04:00:00+00:00,97.19887955182072,low,9.724240601502782
2025-02-11 05:00:00+00:00,98.59943977591037,low,22.97153383458444
2025-02-11 06:00:00+00:00,97.75910364145658,low,36.27033082706699
2025-02-11 07:00:00+00:00,97.47899159663865,low,45.24307518796874
2025-02-11 08:00:00+00:00,98.31932773109243,low,47.878812030073405
2025-02-11 09:00:00+00:00,97.19887955182072,low,59.55012781954536
2025-02-11 10:00:00+00:00,94.39775910364145,low,56.070105263157096
2025-02-11 11:00:00+00:00,94.67787114845937,low,53.44945112781672
2025-02-11 12:00:00+00:00,91.92200557103064,low,45.2161578947344
2025-02-11 13:00:00+00:00,50.41782729805014,low,25.620526315789412
2025-02-11 14:00:00+00:00,76.04456824512535,low,10.188977443605816
2025-02-11 15:00:00+00:00,74.93036211699165,low,-6.455631578949551
2025-02-11 16:00:00+00:00,61.28133704735376,low,-32.41996240601728
2025-02-11 17:00:00+00:00,47.353760445682454,low,-59.091496240604634
2025-02-11 18:00:00+00:00,23.955431754874652,low,-93.65754135338591
2025-02-11 19:00:00+00:00,15.87743732590529,low,-130.81533082707102
2025-02-11 20:00:00+00:00,21.72701949860724,low,-155.04250375940165
2025-02-11 21:00:00+00:00,35.37604456824512,medium,-156.70657894737067
2025-02-11 22:00:00+00:00,19.77715877437326,medium,-171.1652631578966
2025-02-11 23:00:00+00:00,27.85515320334262,medium,-181.98615037594203
2025-02-12 00:00:00+00:00,39.55431754874652,medium,-178.8050601503758
2025-02-12 01:00:00+00:00,42.33983286908078,medium,-165.02062406015241
2025-02-12 02:00:00+00:00,18.662952646239557,medium,-156.70362406015633
2025-02-12 03:00:00+00:00,17.548746518105848,medium,-150.5593383458655
2025-02-12 04:00:00+00:00,15.32033426183844,medium,-136.98113533834763
2025-02-12 05:00:00+00:00,19.77715877437326,medium,-118.21837593985165
2025-02-12 06:00:00+00:00,11.420612813370473,medium,-97.87018045112941
2025-02-12 07:00:00+00:00,15.598885793871867,medium,-67.69873684210897
2025-02-12 08:00:00+00:00,21.16991643454039,medium,-36.354804511277955
2025-02-12 09:00:00+00:00,22.00557103064067,medium,-21.430180451128482
2025-02-12 10:00:00+00:00,16.434540389972145,medium,-5.0928721804528525
2025-02-12 11:00:00+00:00,22.841225626740947,medium,15.108872180451428
2025-02-12 12:00:00+00:00,24.512534818941504,medium,24.94351879698944
2025-02-12 13:00:00+00:00,10.027855153203342,medium,17.80447368420846
2025-02-12 14:00:00+00:00,11.977715877437326,medium,10.801278195486491
2025-02-12 15:00:00+00:00,37.04735376044568,medium,-0.5318345864650929
2025-02-12 16:00:00+00:00,77.71587743732591,high,7.854075187967567
2025-02-12 17:00:00+00:00,82.45125348189416,medium,36.11502255638815
2025-02-12 18:00:00+00:00,79.94428969359332,medium,43.943593984958085
2025-02-12 19:00:00+00:00,84.40111420612814,medium,56.93302255639062
2025-02-12 20:00:00+00:00,82.72980501392759,medium,69.65741353383439
2025-02-12 21:00:00+00:00,85.23676880222841,medium,92.13156390977237
2025-02-12 22:00:00+00:00,91.92200557103064,medium,104.80961654135312
2025-02-12 23:00:00+00:00,92.20055710306406,medium,110.62515037593772
2025-02-13 00:00:00+00:00,92.20055710306406,medium,115.91433082706676
2025-02-13 01:00:00+00:00,95.26462395543176,medium,125.39540601503839
2025-02-13 02:00:00+00:00,92.20055710306406,medium,123.31299248120165
2025-02-13 03:00:00+00:00,95.82172701949861,medium,123.06875187969521
2025-02-13 04:00:00+00:00,90.25069637883009,medium,117.08057142856964
2025-02-13 05:00:00+00:00,89.41504178272982,medium,102.88840601503694
2025-02-13 06:00:00+00:00,71.86629526462396,medium,76.7906691729317
2025-02-13 07:00:00+00:00,67.68802228412257,medium,52.609255639095515
2025-02-13 08:00:00+00:00,56.824512534818936,medium,24.892481203006472
2025-02-13 09:00:00+00:00,79.10863509749304,medium,-14.122578947370258
2025-02-13 10:00:00+00:00,77.15877437325905,medium,-46.27374436090631
2025-02-13 11:00:00+00:00,66.57381615598887,medium,-79.55684962406016
2025-02-13 12:00:00+00:00,52.089136490250695,low,-96.02827819549196
2025-02-13 13:00:00+00:00,71.03064066852369,low,-101.29016541353305
2025-02-13 14:00:00+00:00,43.17548746518106,low,-114.5800000000019
2025-02-13 15:00:00+00:00,58.333333333333336,low,-119.77700751880063
2025-02-13 16:00:00+00:00,25.833333333333336,low,-135.12357894736886
2025-02-13 17:00:00+00:00,36.666666666666664,low,-133.40020300751965
2025-02-13 18:00:00+00:00,58.333333333333336,low,-122.32587218045248
2025-02-13 19:00:00+00:00,49.166666666666664,low,-112.28297744361166
2025-02-13 20:00:00+00:00,61.38888888888889,low,-90.57826315789488
2025-02-13 21:00:00+00:00,68.88888888888889,low,-60.702285714287136
2025-02-13 22:00:00+00:00,57.77777777777777,low,-37.76025563910122
2025-02-13 23:00:00+00:00,67.5,low,-10.019323308271922
2025-02-14 00:00:00+00:00,68.88888888888889,low,12.08364661653715
2025-02-14 01:00:00+00:00,71.11111111111111,low,27.164766917292113
2025-02-14 02:00:00+00:00,74.44444444444444,low,32.81442857142879
2025-02-14 03:00:00+00:00,87.22222222222223,low,46.561007518795016
2025-02-14 04:00:00+00:00,73.33333333333333,low,51.286586466162305
2025-02-14 05:00:00+00:00,61.38888888888889,low,58.877563909775894
2025-02-14 06:00:00+00:00,59.72222222222222,low,66.31269924811707
2025-02-14 07:00:00+00:00,56.111111111111114,low,70.65278947368019
2025-02-14 08:00:00+00:00,66.38888888888889,low,70.77508270676523
2025-02-14 09:00:00+00:00,85.83333333333333,low,76.70869924811994
2025-02-14 10:00:00+00:00,74.16666666666667,low,76.35297744360615
2025-02-14 11:00:00+00:00,63.888888888888886,low,74.62332330826892
2025-02-14 12:00:00+00:00,52.5,low,58.11312781954744
2025-02-14 13:00:00+00:00,72.77777777777777,low,46.82958646616441
2025-02-14 14:00:00+00:00,88.05555555555556,low,45.397375939846704
2025-02-14 15:00:00+00:00,85.0,low,31.423984962403058
2025-02-14 16:00:00+00:00,87.5,low,36.04502255638982
2025-02-14 17:00:00+00:00,90.27777777777779,low,54.48818045112846
2025-02-14 18:00:00+00:00,89.44444444444444,low,63.897774436087836
2025-02-14 19:00:00+00:00,86.38888888888889,low,70.12936090225311
2025-02-14 20:00:00+00:00,75.27777777777777,medium,65.97675939849599
2025-02-14 21:00:00+00:00,87.77777777777777,medium,61.380563909773535
2025-02-14 22:00:00+00:00,56.111111111111114,medium,50.77411278195259
2025-02-14 23:00:00+00:00,78.61111111111111,medium,53.98072932330611
2025-02-15 00:00:00+00:00,68.61111111111111,medium,50.20766165413259
2025-02-15 01:00:00+00:00,81.94444444444444,medium,49.05953383458224
2025-02-15 02:00:00+00:00,82.5,medium,49.10712030074988
2025-02-15 03:00:00+00:00,78.61111111111111,medium,46.722488721802385
2025-02-15 04:00:00+00:00,73.88888888888889,medium,40.339090225561996
2025-02-15 05:00:00+00:00,76.66666666666667,medium,37.89484962405949
2025-02-15 06:00:00+00:00,58.05555555555556,medium,31.508150375936214
2025-02-15 07:00:00+00:00,55.833333333333336,medium,20.329187969922174
2025-02-15 08:00:00+00:00,58.05555555555556,medium,7.025240601501098
2025-02-15 09:00:00+00:00,49.307479224376735,medium,-4.629082706767266
2025-02-15 10:00:00+00:00,52.07756232686981,low,-8.182255639101056
2025-02-15 11:00:00+00:00,37.67313019390582,low,-18.617082706769626
2025-02-15 12:00:00+00:00,48.75346260387812,low,-16.522225563911825
2025-02-15 13:00:00+00:00,33.51800554016621,low,-1.4037669172972598
2025-02-15 14:00:00+00:00,19.667590027700832,low,7.909834586462786
2025-02-15 15:00:00+00:00,18.282548476454295,low,14.705285714283766
2025-02-15 16:00:00+00:00,17.451523545706372,low,8.812112781954289
2025-02-15 17:00:00+00:00,16.897506925207757,low,4.737744360902202
2025-02-15 18:00:00+00:00,20.498614958448755,low,-2.4896240601521367
2025-02-15 19:00:00+00:00,15.512465373961218,low,-4.677609022557273
2025-02-15 20:00:00+00:00,13.573407202216067,low,-7.273067669173877
2025-02-15 21:00:00+00:00,15.789473684210526,low,-2.638984962406216
2025-02-15 22:00:00+00:00,14.681440443213297,low,0.7468947368400783
2025-02-15 23:00:00+00:00,15.789473684210526,low,1.9807518796976078
2025-02-16 00:00:00+00:00,14.681440443213297,low,1.7135488721797645
2025-02-16 01:00:00+00:00,14.40443213296399,low,3.35659398495999
2025-02-16 02:00:00+00:00,11.357340720221606,low,1.3290451127782479
2025-02-16 03:00:00+00:00,13.573407202216067,low,-2.682090225564212
2025-02-16 04:00:00+00:00,13.850415512465375,low,-4.714586466169688
2025-02-16 05:00:00+00:00,15.512465373961218,low,-4.848924812031748
2025-02-16 06:00:00+00:00,16.06648199445983,low,-5.259097744362228
2025-02-16 07:00:00+00:00,14.40443213296399,low,-9.428293233085546
2025-02-16 08:00:00+00:00,23.26869806094183,low,-12.07961654135624
2025-02-16 09:00:00+00:00,40.7202216066482,low,-11.54288721804483
2025-02-16 10:00:00+00:00,40.99722991689751,low,-15.064067669173827
2025-02-16 11:00:00+00:00,58.17174515235457,low,-15.124759398498371
2025-02-16 12:00:00+00:00,44.32132963988919,low,-19.288473684210885
2025-02-16 13:00:00+00:00,21.60664819944598,low,-28.858000000002967
2025-02-16 14:00:00+00:00,26.59279778393352,low,-33.69555639098043
2025-02-16 15:00:00+00:00,30.747922437673132,low,-38.65123308271023
2025-02-16 16:00:00+00:00,32.686980609418285,low,-40.5315338345898
2025-02-16 17:00:00+00:00,20.221606648199447,low,-40.3886466165443
2025-02-16 18:00:00+00:00,16.343490304709142,low,-42.95414285714393
2025-02-16 19:00:00+00:00,16.06648199445983,low,-41.474556390979174
2025-02-16 20:00:00+00:00,12.465373961218837,low,-40.960518796994016
2025-02-16 21:00:00+00:00,21.88365650969529,low,-35.00096240601613
2025-02-16 22:00:00+00:00,19.113573407202217,low,-34.46366917293493
2025-02-16 23:00:00+00:00,19.94459833795014,low,-43.26417293233303
2025-02-17 00:00:00+00:00,36.84210526315789,low,-47.301187969928016
2025-02-17 01:00:00+00:00,50.96952908587258,low,-45.66582706767159
2025-02-17 02:00:00+00:00,36.011080332409975,low,-48.21155639097982
2025-02-17 03:00:00+00:00,44.59833795013851,low,-52.822451127822774
2025-02-17 04:00:00+00:00,22.437673130193904,low,-59.92755639097889
2025-02-17 05:00:00+00:00,23.545706371191137,low,-59.039030075190524
2025-02-17 06:00:00+00:00,32.40997229916898,low,-57.46306766917434
2025-02-17 07:00:00+00:00,21.329639889196674,low,-56.637939849626505
2025-02-17 08:00:00+00:00,32.13296398891966,low,-56.145007518798835
2025-02-17 09:00:00+00:00,45.15235457063712,low,-58.33093984962639
2025-02-17 10:00:00+00:00,59.556786703601105,low,-58.35001503759574
2025-02-17 11:00:00+00:00,65.92797783933518,low,-58.609661654136815
2025-02-17 12:00:00+00:00,76.73130193905817,low,-49.72125563909966
2025-02-17 13:00:00+00:00,78.1163434903047,low,-41.69309022556737
2025-02-17 14:00:00+00:00,83.10249307479224,low,-29.00537593985231
2025-02-17 15:00:00+00:00,37.67313019390582,medium,-29.56682706767157
2025-02-17 16:00:00+00:00,17.174515235457065,medium,-35.0147443609049
2025-02-17 17:00:00+00:00,16.897506925207757,medium,-31.987699248122322
2025-02-17 18:00:00+00:00,11.634349030470915,medium,-33.13714285714551
2025-02-17 19:00:00+00:00,16.897506925207757,low,-41.076872180453954
2025-02-17 20:00:00+00:00,22.71468144044321,low,-38.67327819549308
2025-02-17 21:00:00+00:00,46.81440443213297,medium,-26.49918796992449
2025-02-17 22:00:00+00:00,27.146814404432135,medium,-26.217729323311477
2025-02-17 23:00:00+00:00,29.362880886426595,medium,-26.984218045113277
2025-02-18 00:00:00+00:00,14.681440443213297,medium,-32.114909774440136
2025-02-18 01:00:00+00:00,24.930747922437675,medium,-24.2653759398523
2025-02-18 02:00:00+00:00,18.83656509695291,medium,-17.216203007518754
2025-02-18 03:00:00+00:00,19.94459833795014,medium,-12.633105263160118
2025-02-18 04:00:00+00:00,12.465373961218837,medium,-8.896744360902513
2025-02-18 05:00:00+00:00,6.64819944598338,medium,-11.289563909776398
2025-02-18 06:00:00+00:00,4.1551246537396125,medium,-17.033067669176326
2025-02-18 07:00:00+00:00,3.0470914127423825,medium,-21.30779699248284
2025-02-18 08:00:00+00:00,3.6011080332409975,medium,-21.555518796993876
2025-02-18 09:00:00+00:00,6.64819944598338,medium,-13.02138345864802
2025-02-18 10:00:00+00:00,5.8171745152354575,medium,2.1182330827033313
2025-02-18 11:00:00+00:00,5.540166204986149,low,-0.6197368421073736
2025-02-18 12:00:00+00:00,8.86426592797784,low,-0.546526315792341
2025-02-18 13:00:00+00:00,8.587257617728532,low,1.0388120300724248
2025-02-18 14:00:00+00:00,6.3711911357340725,medium,-10.600375939850473
2025-02-18 15:00:00+00:00,5.8171745152354575,medium,-19.388075187970227
2025-02-18 16:00:00+00:00,4.43213296398892,medium,-34.201142857145605
2025-02-18 17:00:00+00:00,5.8171745152354575,medium,-47.779962406017425
2025-02-18 18:00:00+00:00,6.3711911357340725,medium,-68.86327819549206
2025-02-18 19:00:00+00:00,6.3711911357340725,medium,-85.94666165413824
2025-02-18 20:00:00+00:00,5.540166204986149,medium,-101.44059398496363
2025-02-18 21:00:00+00:00,6.64819944598338,medium,-92.42498496240741
2025-02-18 22:00:00+00:00,7.202216066481995,medium,-81.37567669173214
2025-02-18 23:00:00+00:00,9.141274238227147,medium,-61.79621804511456
2025-02-19 00:00:00+00:00,8.310249307479225,medium,-48.34208270676934
2025-02-19 01:00:00+00:00,7.479224376731302,medium,-38.917601503761226
2025-02-19 02:00:00+00:00,11.080332409972298,medium,-27.85320300751889
2025-02-19 03:00:00+00:00,11.080332409972298,medium,-18.02845864661988
2025-02-19 04:00:00+00:00,8.310249307479225,medium,-19.118969924812472
2025-02-19 05:00:00+00:00,12.742382271468145,medium,-10.61364661654169
2025-02-19 06:00:00+00:00,21.052631578947366,medium,2.7664210526288
2025-02-19 07:00:00+00:00,32.686980609418285,medium,15.743195488719785
2025-02-19 08:00:00+00:00,23.545706371191137,medium,36.56616541353154
2025-02-19 09:00:00+00:00,36.56509695290859,medium,63.197263157892756
2025-02-19 10:00:00+00:00,51.8005540166205,medium,84.93671428571294
2025-02-19 11:00:00+00:00,62.04986149584487,medium,106.95360150375866
2025-02-19 12:00:00+00:00,40.443213296398895,low,109.68042857142841
2025-02-19 13:00:00+00:00,54.29362880886427,low,103.20707518796837
2025-02-19 14:00:00+00:00,24.099722991689752,low,83.3468947368406
2025-02-19 15:00:00+00:00,27.70083102493075,low,66.0946090225552
2025-02-19 16:00:00+00:00,56.232686980609415,low,52.61617293233124
2025-02-19 17:00:00+00:00,55.4016620498615,low,50.98142857142549
2025-02-19 18:00:00+00:00,38.227146814404435,low,40.85689473684028
2025-02-19 19:00:00+00:00,50.41551246537396,low,43.63859398496154
2025-02-19 20:00:00+00:00,43.76731301939058,low,39.85369924811917
2025-02-19 21:00:00+00:00,31.301939058171747,low,39.08307518796708
2025-02-19 22:00:00+00:00,55.4016620498615,low,45.81309774435778
2025-02-19 23:00:00+00:00,65.92797783933518,low,51.05304511277998
2025-02-20 00:00:00+00:00,85.87257617728532,low,50.044691729321244
2025-02-20 01:00:00+00:00,74.51523545706371,low,46.52876691729299
2025-02-20 02:00:00+00:00,88.36565096952909,low,51.193330827063846
2025-02-20 03:00:00+00:00,88.64265927977839,low,53.569812030073784
2025-02-20 04:00:00+00:00,88.64265927977839,low,55.39575939849281
2025-02-20 05:00:00+00:00,85.0415512465374,low,55.18542105262857
2025-02-20 06:00:00+00:00,81.7174515235457,low,59.68796992480943
2025-02-20 07:00:00+00:00,78.94736842105263,low,64.20646616541106
2025-02-20 08:00:00+00:00,80.88642659279779,low,68.04053383458663
2025-02-20 09:00:00+00:00,77.5623268698061,low,72.64433082706539
2025-02-20 10:00:00+00:00,87.53462603878116,low,70.51734586465955
2025-02-20 11:00:00+00:00,86.14958448753463,low,66.40176691729224
2025-02-20 12:00:00+00:00,83.65650969529086,low,69.15946616541022
2025-02-20 13:00:00+00:00,83.65650969529086,low,73.54650375939796
2025-02-20 14:00:00+00:00,75.62326869806094,low,56.31309774435849
2025-02-20 15:00:00+00:00,66.20498614958449,low,44.69142105263112
2025-02-20 16:00:00+00:00,76.73130193905817,low,40.85587969924642
2025-02-20 17:00:00+00:00,85.0415512465374,low,42.86506015037502
2025-02-20 18:00:00+00:00,88.9196675900277,low,50.80827067668952
2025-02-20 19:00:00+00:00,91.41274238227147,low,59.58692481202696
2025-02-20 20:00:00+00:00,90.85872576177285,low,69.44102255638754
2025-02-20 21:00:00+00:00,88.64265927977839,low,70.32472932330816
2025-02-20 22:00:00+00:00,90.30470914127424,low,75.66300751879385
2025-02-20 23:00:00+00:00,93.07479224376732,low,80.67453383458431
2025-02-21 00:00:00+00:00,89.75069252077562,low,85.49733082706673
2025-02-21 01:00:00+00:00,88.36565096952909,low,84.91436090225518
2025-02-21 02:00:00+00:00,81.4404432132964,low,79.32181203007087
2025-02-21 03:00:00+00:00,85.59556786703601,low,71.72836090225528
2025-02-21 04:00:00+00:00,92.5207756232687,low,67.55906766917069
2025-02-21 05:00:00+00:00,88.64265927977839,low,64.20244360902154
2025-02-21 06:00:00+00:00,88.9196675900277,low,63.19938345864441
2025-02-21 07:00:00+00:00,89.19667590027701,low,54.72741353383134
2025-02-21 08:00:00+00:00,91.41274238227147,low,48.7553759398477
2025-02-21 09:00:00+00:00,96.1218836565097,low,45.491488721801076
2025-02-21 10:00:00+00:00,96.67590027700831,low,35.58083458646397
2025-02-21 11:00:00+00:00,95.56786703601108,low,22.446556390974656
2025-02-21 12:00:00+00:00,96.39889196675901,low,20.85693984962189
2025-02-21 13:00:00+00:00,97.50692520775624,low,29.770894736840305
2025-02-21 14:00:00+00:00,96.95290858725761,low,34.02073684210288
2025-02-21 15:00:00+00:00,72.29916897506925,low,29.936646616541907
2025-02-21 16:00:00+00:00,78.94736842105263,low,28.415082706765933
2025-02-21 17:00:00+00:00,33.2409972299169,medium,3.7312330827043256
2025-02-21 18:00:00+00:00,31.855955678670362,medium,-24.673526315791154
2025-02-21 19:00:00+00:00,10.526315789473683,medium,-65.97744360902286
2025-02-21 20:00:00+00:00,12.465373961218837,medium,-106.9511654135361
2025-02-21 21:00:00+00:00,11.357340720221606,medium,-137.26606015037558
2025-02-21 22:00:00+00:00,13.29639889196676,medium,-160.24489473684298
2025-02-21 23:00:00+00:00,13.019390581717452,medium,-174.1756090225574
2025-02-22 00:00:00+00:00,16.897506925207757,medium,-184.12367669173176
2025-02-22 01:00:00+00:00,19.667590027700832,medium,-188.315436090226
2025-02-22 02:00:00+00:00,16.62049861495845,medium,-186.57054135338453
2025-02-22 03:00:00+00:00,21.60664819944598,medium,-185.9836466165428
2025-02-22 04:00:00+00:00,24.930747922437675,medium,-180.77604511278585
2025-02-22 05:00:00+00:00,26.038781163434905,medium,-169.1104586466186
2025-02-22 06:00:00+00:00,22.99168975069252,medium,-152.00300000000246
2025-02-22 07:00:00+00:00,21.88365650969529,medium,-132.81867669172917
2025-02-22 08:00:00+00:00,24.37673130193906,medium,-106.75193984962591
2025-02-22 09:00:00+00:00,33.795013850415515,medium,-65.92822556391252
2025-02-22 10:00:00+00:00,35.18005540166205,medium,-29.540909774436663
2025-02-22 11:00:00+00:00,48.199445983379505,medium,0.7741127819535767
2025-02-22 12:00:00+00:00,53.46260387811634,medium,38.63057142856829
2025-02-22 13:00:00+00:00,43.49030470914128,medium,55.25495488721517
2025-02-22 14:00:00+00:00,39.50276243093923,medium,65.29534586466227
2025-02-22 15:00:00+00:00,61.60220994475139,low,56.27899248120162
2025-02-22 16:00:00+00:00,66.02209944751381,low,40.58470676691514
2025-02-22 17:00:00+00:00,78.1767955801105,low,29.853496240601007
2025-02-22 18:00:00+00:00,72.09944751381215,low,21.311300751877894
2025-02-22 19:00:00+00:00,70.71823204419888,low,20.201082706764574
2025-02-22 20:00:00+00:00,62.430939226519335,low,17.57859398495894
2025-02-22 21:00:00+00:00,65.74585635359117,low,16.264165413531046
2025-02-22 22:00:00+00:00,69.88950276243095,low,15.697097744358201
2025-02-22 23:00:00+00:00,72.65193370165746,low,12.809142857141357
2025-02-23 00:00:00+00:00,75.69060773480662,low,12.257097744358296
2025-02-23 01:00:00+00:00,67.12707182320442,low,10.53039097744122
2025-02-23 02:00:00+00:00,57.4585635359116,low,6.4711353383441255
2025-02-23 03:00:00+00:00,61.32596685082873,low,0.751578947365413
2025-02-23 04:00:00+00:00,54.14364640883977,low,-6.494436090228177
2025-02-23 05:00:00+00:00,59.392265193370164,low,-12.35169172932471
2025-02-23 06:00:00+00:00,66.02209944751381,low,-15.763398496243372
2025-02-23 07:00:00+00:00,87.29281767955801,low,-15.307436090226119
2025-02-23 08:00:00+00:00,81.49171270718232,low,-12.957511278196025
2025-02-23 09:00:00+00:00,71.27071823204419,low,-15.107263157896918
2025-02-23 10:00:00+00:00,70.1657458563536,low,-18.62796992481249
2025-02-23 11:00:00+00:00,56.353591160220994,low,-21.861285714286343
2025-02-23 12:00:00+00:00,33.70165745856354,low,-31.240398496243184
2025-02-23 13:00:00+00:00,51.93370165745856,low,-33.82214285714472
2025-02-23 14:00:00+00:00,36.187845303867405,low,-43.8863533834591
2025-02-23 15:00:00+00:00,16.574585635359114,low,-51.91619548872533
2025-02-23 16:00:00+00:00,25.96685082872928,low,-59.33842857143094
2025-02-23 17:00:00+00:00,45.85635359116022,low,-60.37261654135539
2025-02-23 18:00:00+00:00,39.50276243093923,low,-59.09849624060354
2025-02-23 19:00:00+00:00,34.530386740331494,low,-57.56281203007761
2025-02-23 20:00:00+00:00,31.491712707182316,low,-53.061729323310814
2025-02-23 21:00:00+00:00,36.187845303867405,low,-50.58941353383607
2025-02-23 22:00:00+00:00,25.96685082872928,low,-47.28467669173087
2025-02-23 23:00:00+00:00,45.85635359116022,low,-36.25727819549134
2025-02-24 00:00:00+00:00,35.91160220994475,low,-25.433541353383642
2025-02-24 01:00:00+00:00,13.535911602209943,low,-21.287616541357416
2025-02-24 02:00:00+00:00,12.430939226519337,low,-16.691360902260676
2025-02-24 03:00:00+00:00,6.906077348066299,low,-14.361872180451922
2025-02-24 04:00:00+00:00,6.077348066298343,low,-14.628503759401648
2025-02-24 05:00:00+00:00,8.287292817679557,low,-8.393819548873452
2025-02-24 06:00:00+00:00,9.116022099447514,low,-0.8179323308296463
2025-02-24 07:00:00+00:00,9.392265193370166,low,6.133849624058355
2025-02-24 08:00:00+00:00,5.248618784530387,low,2.2251879699235935
2025-02-24 09:00:00+00:00,6.353591160220995,low,6.182421052631042
2025-02-24 10:00:00+00:00,4.972375690607735,low,2.478774436089564
2025-02-24 11:00:00+00:00,5.801104972375691,low,-1.0605413533856418
2025-02-24 12:00:00+00:00,5.524861878453039,low,-5.755218045117091
2025-02-24 13:00:00+00:00,5.801104972375691,low,-10.200233082708124
2025-02-24 14:00:00+00:00,4.143646408839778,low,-26.38241353383575
2025-02-24 15:00:00+00:00,4.696132596685083,low,-45.71677443609486
2025-02-24 16:00:00+00:00,5.801104972375691,low,-60.975759398496564
2025-02-24 17:00:00+00:00,6.077348066298343,low,-71.57635338345987
2025-02-24 18:00:00+00:00,4.41988950276243,medium,-86.89295488722023
2025-02-24 19:00:00+00:00,3.314917127071823,low,-95.4470375939871
2025-02-24 20:00:00+00:00,4.143646408839778,low,-99.59612781955036
2025-02-24 21:00:00+00:00,4.972375690607735,low,-105.33487969925238
2025-02-24 22:00:00+00:00,2.4861878453038675,medium,-132.4242406015063
2025-02-24 23:00:00+00:00,3.0386740331491713,medium,-173.2194511278214
2025-02-25 00:00:00+00:00,3.867403314917127,high,-205.96575939849816
2025-02-25 01:00:00+00:00,3.591160220994475,medium,-224.4565112781999
2025-02-25 02:00:00+00:00,4.696132596685083,medium,-230.0898120300798
2025-02-25 03:00:00+00:00,4.143646408839778,medium,-233.5389624060158
2025-02-25 04:00:00+00:00,3.314917127071823,medium,-240.74858646617116
2025-02-25 05:00:00+00:00,4.143646408839778,medium,-236.0507669172952
2025-02-25 06:00:00+00:00,3.0386740331491713,high,-239.2611503759428
2025-02-25 07:00:00+00:00,3.0386740331491713,high,-260.8675413533869
2025-02-25 08:00:00+00:00,4.41988950276243,high,-271.9100451127844
2025-02-25 09:00:00+00:00,4.41988950276243,high,-292.2194887218073
2025-02-25 10:00:00+00:00,5.248618784530387,high,-317.37877443609176
2025-02-25 11:00:00+00:00,6.353591160220995,high,-323.70510526315877
2025-02-25 12:00:00+00:00,7.458563535911603,high,-318.40311278195566
2025-02-25 13:00:00+00:00,7.18232044198895,high,-310.35736090225805
2025-02-25 14:00:00+00:00,6.077348066298343,high,-325.0194962406044
2025-02-25 15:00:00+00:00,9.116022099447514,high,-331.5360150375958
2025-02-25 16:00:00+00:00,9.668508287292818,high,-323.4834736842135
2025-02-25 17:00:00+00:00,8.83977900552486,high,-309.06397744361163
2025-02-25 18:00:00+00:00,8.83977900552486,high,-311.68550375940055
2025-02-25 19:00:00+00:00,13.535911602209943,high,-307.5945338345884
2025-02-25 20:00:00+00:00,18.784530386740332,high,-290.2210902255651
2025-02-25 21:00:00+00:00,24.03314917127072,high,-255.31721804511514
2025-02-25 22:00:00+00:00,22.375690607734807,high,-210.13917293233266
2025-02-25 23:00:00+00:00,21.2707182320442,high,-164.92896992481292
2025-02-26 00:00:00+00:00,17.955801104972377,high,-126.08181954887516
2025-02-26 01:00:00+00:00,23.480662983425415,high,-70.96813533834705
2025-02-26 02:00:00+00:00,46.96132596685083,high,-18.86272180451605
2025-02-26 03:00:00+00:00,51.657458563535904,high,4.054819548869876
2025-02-26 04:00:00+00:00,52.48618784530387,high,25.931751879698844
2025-02-26 05:00:00+00:00,39.77900552486188,high,27.691172932328524
2025-02-26 06:00:00+00:00,66.29834254143645,high,34.94391729322869
2025-02-26 07:00:00+00:00,57.4585635359116,high,54.46896240601506
2025-02-26 08:00:00+00:00,50.27624309392266,high,73.88348872180104
2025-02-26 09:00:00+00:00,77.07182320441989,high,94.69122556390653
2025-02-26 10:00:00+00:00,80.66298342541437,medium,90.808075187968
2025-02-26 11:00:00+00:00,53.31491712707182,medium,75.70090225563735
2025-02-26 12:00:00+00:00,30.662983425414364,medium,52.43632330826804
2025-02-26 13:00:00+00:00,29.005524861878452,high,14.624819548869755
2025-02-26 14:00:00+00:00,69.33701657458563,high,-19.951308270680308
2025-02-26 15:00:00+00:00,78.72928176795581,medium,-42.27302255639376
2025-02-26 16:00:00+00:00,71.54696132596685,high,-71.5273984962429
2025-02-26 17:00:00+00:00,30.939226519337016,medium,-99.10439849623958
2025-02-26 18:00:00+00:00,17.67955801104972,high,-148.33300000000182
2025-02-26 19:00:00+00:00,25.69060773480663,high,-198.47264661654324
2025-02-26 20:00:00+00:00,66.57458563535911,high,-242.17806766917806
2025-02-26 21:00:00+00:00,76.79558011049724,high,-268.2357368421061
2025-02-26 22:00:00+00:00,80.93922651933701,high,-285.7239624060157
2025-02-26 23:00:00+00:00,76.51933701657458,high,-300.8140902255663
2025-02-27 00:00:00+00:00,70.71823204419888,high,-305.13243609022663
2025-02-27 01:00:00+00:00,78.45303867403315,high,-307.4792706766919
2025-02-27 02:00:00+00:00,76.51933701657458,high,-303.16751127819674
2025-02-27 03:00:00+00:00,81.49171270718232,high,-281.75960150376056
2025-02-27 04:00:00+00:00,78.45303867403315,high,-259.73596992481356
2025-02-27 05:00:00+00:00,86.74033149171271,high,-212.44296992481554
2025-02-27 06:00:00+00:00,90.60773480662984,high,-152.50525563910222
2025-02-27 07:00:00+00:00,90.05524861878453,high,-98.17069172932675
2025-02-27 08:00:00+00:00,87.29281767955801,high,-53.78009022556438
2025-02-27 09:00:00+00:00,87.01657458563537,high,-17.079022556394126
2025-02-27 10:00:00+00:00,91.9889502762431,high,39.988616541353075
2025-02-27 11:00:00+00:00,87.29281767955801,high,92.6244436090224
2025-02-27 12:00:00+00:00,86.1878453038674,high,129.28533082706613
2025-02-27 13:00:00+00:00,79.8342541436464,high,151.70227819548586
2025-02-27 14:00:00+00:00,60.22099447513812,high,129.30557894736808
2025-02-27 15:00:00+00:00,74.58563535911603,high,107.09778195488497
2025-02-27 16:00:00+00:00,48.34254143646409,high,76.06693984962347
2025-02-27 17:00:00+00:00,67.95580110497238,high,50.24937593984621
2025-02-27 18:00:00+00:00,65.4696132596685,high,22.266676691727767
2025-02-27 19:00:00+00:00,36.187845303867405,high,-16.437210526315663
2025-02-27 20:00:00+00:00,13.812154696132598,high,-55.57754887218295
2025-02-27 21:00:00+00:00,31.215469613259668,high,-79.92639849624331
2025-02-27 22:00:00+00:00,50.552486187845304,high,-106.74507518797344
2025-02-27 23:00:00+00:00,55.80110497237569,high,-119.60600751879745
2025-02-28 00:00:00+00:00,34.530386740331494,high,-139.1326390977459
2025-02-28 01:00:00+00:00,5.801104972375691,high,-183.01501503759476
2025-02-28 02:00:00+00:00,4.696132596685083,high,-226.73564661654115
2025-02-28 03:00:00+00:00,3.0386740331491713,high,-267.1915338345896
2025-02-28 04:00:00+00:00,4.696132596685083,high,-302.55122556391063
2025-02-28 05:00:00+00:00,5.248618784530387,high,-334.1841578947398
2025-02-28 06:00:00+00:00,4.972375690607735,high,-352.16797744361054
2025-02-28 07:00:00+00:00,4.143646408839778,high,-365.59066165413645
2025-02-28 08:00:00+00:00,5.801104972375691,high,-376.820556390979
2025-02-28 09:00:00+00:00,6.629834254143646,high,-360.8240902255648
2025-02-28 10:00:00+00:00,3.591160220994475,high,-359.02921052631785
2025-02-28 11:00:00+00:00,3.867403314917127,high,-334.19967669173116
2025-02-28 12:00:00+00:00,5.801104972375691,high,-314.3166541353388
2025-02-28 13:00:00+00:00,14.917127071823206,high,-276.43433834586625
2025-02-28 14:00:00+00:00,22.375690607734807,high,-224.76846616541556
2025-02-28 15:00:00+00:00,58.83977900552486,high,-150.45336090225769
2025-02-28 16:00:00+00:00,66.85082872928176,high,-80.15102255639171
2025-02-28 17:00:00+00:00,64.9171270718232,high,-7.985563909776005
2025-02-28 18:00:00+00:00,79.8342541436464,high,82.17961654134827
2025-02-28 19:00:00+00:00,79.00552486187846,high,172.76521804511043
2025-02-28 20:00:00+00:00,75.69060773480662,high,252.93951879699173
2025-02-28 21:00:00+00:00,79.28176795580112,high,293.16687218045143
2025-02-28 22:00:00+00:00,70.1657458563536,high,314.424225563909
2025-02-28 23:00:00+00:00,76.24309392265194,high,327.9342255639091
2025-03-01 00:00:00+00:00,49.171270718232044,high,327.8922556390955
2025-03-01 01:00:00+00:00,77.62430939226519,high,327.18520300751675
2025-03-01 02:00:00+00:00,79.28176795580112,high,317.8367669172931
2025-03-01 03:00:00+00:00,74.58563535911603,high,298.70340601503636
2025-03-01 04:00:00+00:00,85.6353591160221,high,279.022022556391
2025-03-01 05:00:00+00:00,73.20441988950276,high,261.48116541353136
2025-03-01 06:00:00+00:00,57.73480662983425,high,223.4870150375913
2025-03-01 07:00:00+00:00,48.34254143646409,high,181.016496240598
2025-03-01 08:00:00+00:00,64.3646408839779,high,144.43956390977286
2025-03-01 09:00:00+00:00,48.06629834254144,high,113.7253834586453
2025-03-01 10:00:00+00:00,22.099447513812155,high,79.69560902255479
2025-03-01 11:00:00+00:00,16.574585635359114,high,67.6454586466154
2025-03-01 12:00:00+00:00,21.2707182320442,high,62.11507518796871
2025-03-01 13:00:00+00:00,13.259668508287293,high,40.775601503757876
2025-03-01 14:00:00+00:00,18.457300275482094,medium,33.83602255639072
2025-03-01 15:00:00+00:00,20.385674931129476,medium,27.857022556388326
2025-03-01 16:00:00+00:00,25.6198347107438,medium,24.0497819548858
2025-03-01 17:00:00+00:00,19.00826446280992,medium,18.813759398495492
2025-03-01 18:00:00+00:00,24.242424242424242,medium,12.040654135336759
2025-03-01 19:00:00+00:00,35.53719008264463,medium,8.908857142855704
2025-03-01 20:00:00+00:00,36.36363636363637,medium,-2.95172180451087
2025-03-01 21:00:00+00:00,68.04407713498622,medium,2.9794736842099487
2025-03-01 22:00:00+00:00,73.55371900826447,medium,16.55321052631619
2025-03-01 23:00:00+00:00,71.62534435261708,medium,29.4965864661663
2025-03-02 00:00:00+00:00,65.0137741046832,medium,54.36093984962234
2025-03-02 01:00:00+00:00,66.66666666666666,low,74.65871428571117
2025-03-02 02:00:00+00:00,63.63636363636363,medium,77.41142857142748
2025-03-02 03:00:00+00:00,61.15702479338842,low,75.23218045112543
2025-03-02 04:00:00+00:00,66.94214876033058,low,78.52409774436008
2025-03-02 05:00:00+00:00,61.43250688705234,low,85.27455639097641
2025-03-02 06:00:00+00:00,60.05509641873278,low,88.15121804510973
2025-03-02 07:00:00+00:00,46.28099173553719,low,84.09083458646654
2025-03-02 08:00:00+00:00,57.57575757575758,low,72.79114285713919
2025-03-02 09:00:00+00:00,77.96143250688705,low,58.50986466165376
2025-03-02 10:00:00+00:00,79.88980716253444,low,46.53530075187993
2025-03-02 11:00:00+00:00,75.54945054945054,low,35.40291729323081
2025-03-02 12:00:00+00:00,68.68131868131869,low,28.093804511276694
2025-03-02 13:00:00+00:00,41.48351648351649,low,14.83185714285681
2025-03-02 14:00:00+00:00,19.78021978021978,low,-6.0133909774463135
2025-03-02 15:00:00+00:00,84.34065934065934,high,9.115150375936993
2025-03-02 16:00:00+00:00,97.25274725274726,high,76.0344812030034
2025-03-02 17:00:00+00:00,96.15384615384616,high,184.2909849624054
2025-03-02 18:00:00+00:00,98.62637362637363,high,262.5503984962384
2025-03-02 19:00:00+00:00,98.07692307692307,high,340.3470225563889
2025-03-02 20:00:00+00:00,97.25274725274726,high,417.87368421052713
2025-03-02 21:00:00+00:00,97.25274725274726,high,487.6407593984943
2025-03-02 22:00:00+00:00,98.07692307692307,high,535.5680902255614
2025-03-02 23:00:00+00:00,97.52747252747253,high,572.6404436090223
2025-03-03 00:00:00+00:00,96.15384615384616,high,581.5424060150364
2025-03-03 01:00:00+00:00,95.05494505494505,high,579.0157819548847
2025-03-03 02:00:00+00:00,92.85714285714286,high,574.1636541353372
2025-03-03 03:00:00+00:00,92.03296703296702,high,549.3205864661609
2025-03-03 04:00:00+00:00,91.75824175824175,high,509.42289473684144
2025-03-03 05:00:00+00:00,92.3076923076923,high,467.97468421052423
2025-03-03 06:00:00+00:00,76.0989010989011,high,392.7303157894721
2025-03-03 07:00:00+00:00,84.61538461538461,high,320.83325563909506
2025-03-03 08:00:00+00:00,56.86813186813187,high,224.97826315789203
2025-03-03 09:00:00+00:00,62.362637362637365,high,121.8064962406006
2025-03-03 10:00:00+00:00,70.05494505494505,high,9.865353383455393
2025-03-03 11:00:00+00:00,65.65934065934066,high,-73.86234586466429
2025-03-03 12:00:00+00:00,70.32967032967034,high,-101.91496240601636
2025-03-03 13:00:00+00:00,77.74725274725274,high,-79.0319548872207
2025-03-03 14:00:00+00:00,17.582417582417584,high,-137.4481729323334
2025-03-03 15:00:00+00:00,26.923076923076923,high,-168.27947368421272
2025-03-03 16:00:00+00:00,29.395604395604398,high,-179.4151127819578
2025-03-03 17:00:00+00:00,22.52747252747253,high,-182.69045864661857
2025-03-03 18:00:00+00:00,6.043956043956044,high,-225.99859398496523
2025-03-03 19:00:00+00:00,3.571428571428571,high,-280.0626691729339
2025-03-03 20:00:00+00:00,3.571428571428571,high,-329.4931428571441
2025-03-03 21:00:00+00:00,2.4725274725274726,high,-381.66587218045373
2025-03-03 22:00:00+00:00,3.571428571428571,high,-400.3181578947365
2025-03-03 23:00:00+00:00,3.021978021978022,high,-424.69642105263483
2025-03-04 00:00:00+00:00,2.7472527472527473,high,-439.3410451127851
2025-03-04 01:00:00+00:00,2.197802197802198,high,-474.26730827067803
2025-03-04 02:00:00+00:00,1.9230769230769231,high,-513.0807669172966
2025-03-04 03:00:00+00:00,2.7472527472527473,high,-528.2946466165415
2025-03-04 04:00:00+00:00,2.7472527472527473,high,-552.9940526315806
2025-03-04 05:00:00+00:00,2.4725274725274726,high,-547.4832631578964
2025-03-04 06:00:00+00:00,2.197802197802198,high,-525.12363157895
2025-03-04 07:00:00+00:00,2.7472527472527473,high,-496.64551879699314
2025-03-04 08:00:00+00:00,2.4725274725274726,high,-439.1684285714297
2025-03-04 09:00:00+00:00,2.4725274725274726,high,-361.1942857142876
2025-03-04 10:00:00+00:00,2.7472527472527473,high,-333.24617293233297
2025-03-04 11:00:00+00:00,3.021978021978022,high,-285.8586766917299
2025-03-04 12:00:00+00:00,2.7472527472527473,high,-229.91772180451468
2025-03-04 13:00:00+00:00,2.7472527472527473,high,-175.77234586466315
2025-03-04 14:00:00+00:00,3.571428571428571,high,-154.68606766917466
2025-03-04 15:00:00+00:00,3.571428571428571,high,-154.88600751879926
2025-03-04 16:00:00+00:00,3.021978021978022,high,-135.60792481203424
2025-03-04 17:00:00+00:00,4.945054945054945,high,-96.61099248120489
2025-03-04 18:00:00+00:00,6.868131868131869,high,-18.69920300752066
2025-03-04 19:00:00+00:00,6.318681318681318,high,72.84652631578707
2025-03-04 20:00:00+00:00,3.8461538461538463,high,138.92878195488566
2025-03-04 21:00:00+00:00,7.417582417582418,high,171.63586466165242
2025-03-04 22:00:00+00:00,7.417582417582418,high,206.44886466165465
2025-03-04 23:00:00+00:00,7.967032967032966,high,233.75656390977412
2025-03-05 00:00:00+00:00,7.142857142857142,high,240.27518796992248
2025-03-05 01:00:00+00:00,10.43956043956044,high,267.27747368420984
2025-03-05 02:00:00+00:00,11.813186813186812,high,280.5267593984932
2025-03-05 03:00:00+00:00,7.967032967032966,high,268.4778721804484
2025-03-05 04:00:00+00:00,10.164835164835164,high,263.12428571428165
2025-03-05 05:00:00+00:00,10.164835164835164,high,254.22045112781976
2025-03-05 06:00:00+00:00,15.10989010989011,high,248.65889473684206
2025-03-05 07:00:00+00:00,21.153846153846153,high,239.11828571428396
2025-03-05 08:00:00+00:00,28.296703296703296,high,223.2981127819528
2025-03-05 09:00:00+00:00,48.9010989010989,high,196.44359398495868
2025-03-05 10:00:00+00:00,69.23076923076923,high,188.1603007518777
2025-03-05 11:00:00+00:00,52.74725274725275,high,164.7513984962386
2025-03-05 12:00:00+00:00,65.65934065934066,high,147.81663157894548
2025-03-05 13:00:00+00:00,58.791208791208796,high,137.87342105263204
2025-03-05 14:00:00+00:00,36.53846153846153,high,129.08921804511212
2025-03-05 15:00:00+00:00,47.25274725274725,high,137.92279699247993
2025-03-05 16:00:00+00:00,53.02197802197802,high,133.06305263157603
2025-03-05 17:00:00+00:00,71.7032967032967,high,146.8513082706761
2025-03-05 18:00:00+00:00,82.96703296703298,high,157.22144360902064
2025-03-05 19:00:00+00:00,88.73626373626374,high,161.5656992481168
2025-03-05 20:00:00+00:00,90.10989010989012,high,165.30326315789466
2025-03-05 21:00:00+00:00,89.01098901098901,high,175.04029323308202
2025-03-05 22:00:00+00:00,92.03296703296702,high,178.90503759398396
2025-03-05 23:00:00+00:00,92.3076923076923,high,170.68142105262922
2025-03-06 00:00:00+00:00,88.46153846153845,high,149.9498270676671
2025-03-06 01:00:00+00:00,92.58241758241759,high,142.5837894736831
2025-03-06 02:00:00+00:00,93.68131868131869,high,145.55302255638912
2025-03-06 03:00:00+00:00,93.95604395604396,high,141.10887218044758
2025-03-06 04:00:00+00:00,95.32967032967034,high,142.63918045112516
2025-03-06 05:00:00+00:00,95.32967032967034,high,154.9923308270666
2025-03-06 06:00:00+00:00,93.4065934065934,high,172.18961654135038
2025-03-06 07:00:00+00:00,89.01098901098901,high,176.49310526315526
2025-03-06 08:00:00+00:00,90.10989010989012,high,184.3258195488709
2025-03-06 09:00:00+00:00,88.1542699724518,high,171.25768421052516
2025-03-06 10:00:00+00:00,90.9090909090909,high,148.90069924812028
2025-03-06 11:00:00+00:00,89.53168044077135,high,120.44754887218104
2025-03-06 12:00:00+00:00,80.16528925619835,high,78.84008270676459
2025-03-06 13:00:00+00:00,68.59504132231406,high,39.8753007518788
2025-03-06 14:00:00+00:00,61.81318681318682,high,4.8235037593962895
2025-03-06 15:00:00+00:00,80.76923076923077,high,-15.242338345868665
2025-03-06 16:00:00+00:00,49.04109589041096,high,-46.577105263158906
2025-03-06 17:00:00+00:00,21.095890410958905,high,-87.88860150376182
2025-03-06 18:00:00+00:00,16.43835616438356,high,-128.28507518797247
2025-03-06 19:00:00+00:00,15.616438356164384,high,-161.77381954887198
2025-03-06 20:00:00+00:00,16.986301369863014,high,-193.553894736848
2025-03-06 21:00:00+00:00,22.73972602739726,high,-195.10292481203268
2025-03-06 22:00:00+00:00,36.986301369863014,high,-177.70012781955236
2025-03-06 23:00:00+00:00,19.17808219178082,high,-166.76630827067908
2025-03-07 00:00:00+00:00,4.383561643835616,high,-205.43643609022757
2025-03-07 01:00:00+00:00,12.054794520547945,high,-187.7640375939866
2025-03-07 02:00:00+00:00,11.78082191780822,high,-191.04011278195716
2025-03-07 03:00:00+00:00,9.863013698630137,high,-199.7516541353414
2025-03-07 04:00:00+00:00,9.315068493150685,high,-195.703721804514
2025-03-07 05:00:00+00:00,12.602739726027398,high,-184.38676691729484
2025-03-07 06:00:00+00:00,13.698630136986301,high,-160.94290977443725
2025-03-07 07:00:00+00:00,22.73972602739726,high,-129.68787218045307
2025-03-07 08:00:00+00:00,14.246575342465754,high,-113.64075939849933
2025-03-07 09:00:00+00:00,33.6986301369863,high,-95.28366917293077
2025-03-07 10:00:00+00:00,36.71232876712329,high,-67.55272932330723
2025-03-07 11:00:00+00:00,39.178082191780824,high,-27.190571428573094
2025-03-07 12:00:00+00:00,21.91780821917808,high,-6.596368421055133
2025-03-07 13:00:00+00:00,36.43835616438356,high,4.7449924812003985
2025-03-07 14:00:00+00:00,64.65753424657534,high,30.810338345863627
2025-03-07 15:00:00+00:00,60.273972602739725,high,27.068360902255176
2025-03-07 16:00:00+00:00,16.71232876712329,high,14.190338345861
2025-03-07 17:00:00+00:00,29.315068493150687,high,24.54891729323253
2025-03-07 18:00:00+00:00,80.0,high,57.11602255638989
2025-03-07 19:00:00+00:00,61.64383561643836,high,75.25915789473439
2025-03-07 20:00:00+00:00,42.73972602739726,high,15.170932330826256
2025-03-07 21:00:00+00:00,15.342465753424658,high,-13.54772932330941
2025-03-07 22:00:00+00:00,18.08219178082192,high,-49.429947368424145
2025-03-07 23:00:00+00:00,10.684931506849315,high,-87.61566165413541
2025-03-08 00:00:00+00:00,15.616438356164384,high,-116.4003909774458
2025-03-08 01:00:00+00:00,9.58904109589041,high,-143.45231578947644
2025-03-08 02:00:00+00:00,12.32876712328767,high,-166.4684060150395
2025-03-08 03:00:00+00:00,10.95890410958904,high,-187.68622556391415
2025-03-08 04:00:00+00:00,18.63013698630137,high,-197.71042857143127
2025-03-08 05:00:00+00:00,11.506849315068493,high,-198.24137593985145
2025-03-08 06:00:00+00:00,9.04109589041096,high,-186.91925563909925
2025-03-08 07:00:00+00:00,9.863013698630137,high,-179.89621804511407
2025-03-08 08:00:00+00:00,9.04109589041096,high,-169.17289473684667
2025-03-08 09:00:00+00:00,8.767123287671232,high,-154.46200751879863
2025-03-08 10:00:00+00:00,11.506849315068493,high,-111.77845112782272
2025-03-08 11:00:00+00:00,6.575342465753424,high,-96.29906015037706
2025-03-08 12:00:00+00:00,8.767123287671232,medium,-92.70375939850032
2025-03-08 13:00:00+00:00,11.506849315068493,medium,-78.79050375940012
2025-03-08 14:00:00+00:00,10.95890410958904,medium,-48.089977443609826
2025-03-08 15:00:00+00:00,10.41095890410959,medium,-25.63806766917545
2025-03-08 16:00:00+00:00,11.232876712328768,low,-17.792225563912165
2025-03-08 17:00:00+00:00,14.520547945205479,low,-22.240233082707373
2025-03-08 18:00:00+00:00,18.356164383561644,low,-17.88983458646934
2025-03-08 19:00:00+00:00,26.027397260273972,low,-8.884278195489932
2025-03-08 20:00:00+00:00,20.273972602739725,low,0.4761954887215624
2025-03-08 21:00:00+00:00,19.17808219178082,low,-0.056233082709251384
2025-03-08 22:00:00+00:00,15.342465753424658,low,2.1397744360868014
2025-03-08 23:00:00+00:00,14.794520547945206,low,-1.8638721804539369
2025-03-09 00:00:00+00:00,16.43835616438356,low,4.7390075187949305
2025-03-09 01:00:00+00:00,10.136986301369863,low,5.66244360902214
2025-03-09 02:00:00+00:00,8.493150684931507,low,6.855654135336601
2025-03-09 03:00:00+00:00,7.9452054794520555,low,6.119165413531243
2025-03-09 04:00:00+00:00,10.41095890410959,low,2.6371578947371943
2025-03-09 05:00:00+00:00,8.21917808219178,low,-3.125526315788968
2025-03-09 06:00:00+00:00,10.41095890410959,low,-7.955533834590287
2025-03-09 07:00:00+00:00,12.602739726027398,low,-13.75512030075523
2025-03-09 08:00:00+00:00,11.78082191780822,low,-18.657270676694925
2025-03-09 09:00:00+00:00,10.95890410958904,low,-24.321466165412534
2025-03-09 10:00:00+00:00,6.027397260273973,low,-38.58855639097962
2025-03-09 11:00:00+00:00,5.7534246575342465,low,-47.39851879699705
2025-03-09 12:00:00+00:00,7.397260273972603,low,-64.1742781954916
2025-03-09 13:00:00+00:00,5.205479452054795,medium,-97.71678195489055
2025-03-09 14:00:00+00:00,6.301369863013699,medium,-124.36772180451177
2025-03-09 15:00:00+00:00,5.7534246575342465,medium,-151.8146315789487
2025-03-09 16:00:00+00:00,5.7534246575342465,medium,-182.11275187970185
2025-03-09 17:00:00+00:00,5.205479452054795,medium,-209.4163308270695
2025-03-09 18:00:00+00:00,4.657534246575342,medium,-224.64550375940078
2025-03-09 19:00:00+00:00,5.7534246575342465,medium,-236.77107518797118
2025-03-09 20:00:00+00:00,4.383561643835616,medium,-234.13442105263212
2025-03-09 21:00:00+00:00,4.383561643835616,medium,-247.6099097744392
2025-03-09 22:00:00+00:00,3.8356164383561646,high,-278.8607218045139
2025-03-09 23:00:00+00:00,3.8356164383561646,high,-294.47418045113045
2025-03-10 00:00:00+00:00,5.205479452054795,high,-295.0077293233113
2025-03-10 01:00:00+00:00,4.657534246575342,high,-281.92072180451277
2025-03-10 02:00:00+00:00,4.383561643835616,high,-258.20072180451444
2025-03-10 03:00:00+00:00,3.287671232876712,high,-229.55696240601682
2025-03-10 04:00:00+00:00,5.205479452054795,high,-189.94021804511647
2025-03-10 05:00:00+00:00,4.383561643835616,high,-153.82510526316017
2025-03-10 06:00:00+00:00,6.027397260273973,high,-123.83637593985172
2025-03-10 07:00:00+00:00,6.027397260273973,high,-87.42894736841998
2025-03-10 08:00:00+00:00,5.205479452054795,high,-67.48154135338596
2025-03-10 09:00:00+00:00,11.506849315068493,high,-43.548857142859895
2025-03-10 10:00:00+00:00,13.150684931506849,high,-19.600330827070263
2025-03-10 11:00:00+00:00,22.465753424657535,high,16.563075187968437
2025-03-10 12:00:00+00:00,28.21917808219178,high,37.97512781954559
2025-03-10 13:00:00+00:00,10.136986301369863,high,31.64368421052529
2025-03-10 14:00:00+00:00,6.8493150684931505,high,7.3444060150348305
2025-03-10 15:00:00+00:00,8.493150684931507,high,-10.358984962405843
2025-03-10 16:00:00+00:00,6.301369863013699,high,-31.943142857144547
2025-03-10 17:00:00+00:00,4.657534246575342,high,-74.80837593984977
2025-03-10 18:00:00+00:00,4.383561643835616,high,-147.55576691729522
2025-03-10 19:00:00+00:00,6.027397260273973,high,-190.21920300751816
2025-03-10 20:00:00+00:00,6.027397260273973,high,-218.0736541353406
2025-03-10 21:00:00+00:00,6.301369863013699,high,-231.729593984965
2025-03-10 22:00:00+00:00,5.205479452054795,high,-236.16060150376165
2025-03-10 23:00:00+00:00,5.205479452054795,high,-251.8662030075215
2025-03-11 00:00:00+00:00,5.7534246575342465,high,-266.2950526315827
2025-03-11 01:00:00+00:00,7.123287671232877,high,-257.5893834586472
2025-03-11 02:00:00+00:00,8.21917808219178,high,-240.52551879699348
2025-03-11 03:00:00+00:00,7.397260273972603,high,-216.80615037594325
2025-03-11 04:00:00+00:00,7.671232876712329,high,-200.77608270676745
2025-03-11 05:00:00+00:00,9.863013698630137,high,-156.80884962406117
2025-03-11 06:00:00+00:00,8.21917808219178,high,-115.34466917293365
2025-03-11 07:00:00+00:00,9.58904109589041,high,-45.508676691731004
2025-03-11 08:00:00+00:00,10.41095890410959,high,33.89168421052571
2025-03-11 09:00:00+00:00,11.78082191780822,high,94.0337819548862
2025-03-11 10:00:00+00:00,11.78082191780822,high,132.69284962405848
2025-03-11 11:00:00+00:00,13.424657534246576,high,170.25366917293113
2025-03-11 12:00:00+00:00,10.684931506849315,high,181.9000451127808
2025-03-11 13:00:00+00:00,17.80821917808219,high,176.85792481202782
2025-03-11 14:00:00+00:00,9.315068493150685,high,139.36590977443322
2025-03-11 15:00:00+00:00,35.61643835616438,high,141.72834586466286
2025-03-11 16:00:00+00:00,48.49315068493151,high,146.88836090225357
2025-03-11 17:00:00+00:00,24.65753424657534,high,151.87575939849376
2025-03-11 18:00:00+00:00,88.21917808219179,high,181.46470676691672
2025-03-11 19:00:00+00:00,88.76712328767124,high,188.53084962405842
2025-03-11 20:00:00+00:00,84.38356164383562,high,169.90824812029837
2025-03-11 21:00:00+00:00,84.10958904109589,high,171.02689473683958
2025-03-11 22:00:00+00:00,87.67123287671232,high,170.02042105263342
2025-03-11 23:00:00+00:00,68.4931506849315,high,163.11601503759167
2025-03-12 00:00:00+00:00,58.082191780821915,high,152.44220300751545
2025-03-12 01:00:00+00:00,80.54794520547945,high,153.00265413533472
2025-03-12 02:00:00+00:00,49.86301369863014,high,133.79733082706758
2025-03-12 03:00:00+00:00,16.986301369863014,high,111.89784962405898
2025-03-12 04:00:00+00:00,17.26027397260274,high,94.06463909774226
2025-03-12 05:00:00+00:00,28.767123287671232,high,82.92712030074846
2025-03-12 06:00:00+00:00,29.041095890410958,high,68.46903007518549
2025-03-12 07:00:00+00:00,71.78082191780823,high,67.79487218044977
2025-03-12 08:00:00+00:00,85.47945205479452,high,61.66896992481131
2025-03-12 09:00:00+00:00,79.45205479452055,high,48.04070676691464
2025-03-12 10:00:00+00:00,79.45205479452055,high,11.286127819546715
2025-03-12 11:00:00+00:00,86.84931506849315,high,0.7930225563885487
2025-03-12 12:00:00+00:00,92.6027397260274,high,5.283218045112144
2025-03-12 13:00:00+00:00,84.38356164383562,high,-15.295834586467931
2025-03-12 14:00:00+00:00,71.78082191780823,high,-23.197503759401442
2025-03-12 15:00:00+00:00,77.26027397260275,high,-28.364842105265698
2025-03-12 16:00:00+00:00,86.84931506849315,high,-32.97341353383653
2025-03-12 17:00:00+00:00,84.38356164383562,high,-33.22933082706897
2025-03-12 18:00:00+00:00,89.31506849315069,high,-20.017796992481564
2025-03-12 19:00:00+00:00,90.13698630136986,high,-5.109225563910827
2025-03-12 20:00:00+00:00,89.04109589041096,high,10.166736842103473
2025-03-12 21:00:00+00:00,89.31506849315069,high,33.1095263157873
2025-03-12 22:00:00+00:00,91.78082191780823,high,50.40761654135265
2025-03-12 23:00:00+00:00,91.78082191780823,high,61.499120300750526
2025-03-13 00:00:00+00:00,89.04109589041096,high,61.89556390977283
2025-03-13 01:00:00+00:00,90.41095890410958,high,69.40292481202944
2025-03-13 02:00:00+00:00,87.12328767123287,high,63.223932330826806
2025-03-13 03:00:00+00:00,88.21917808219179,high,66.65279699248127
2025-03-13 04:00:00+00:00,75.34246575342466,high,68.05240601503574
2025-03-13 05:00:00+00:00,64.93150684931507,high,66.5530225563896
2025-03-13 06:00:00+00:00,65.47945205479452,high,63.31226315789289
2025-03-13 07:00:00+00:00,68.4931506849315,high,64.94062406015036
2025-03-13 08:00:00+00:00,76.71232876712328,medium,80.60380451127422
2025-03-13 09:00:00+00:00,89.58904109589041,medium,82.56085714285571
2025-03-13 10:00:00+00:00,89.58904109589041,low,61.87764661654303
2025-03-13 11:00:00+00:00,88.4931506849315,low,38.830496240601676
2025-03-13 12:00:00+00:00,80.27397260273973,medium,11.042203007518767
2025-03-13 13:00:00+00:00,47.94520547945205,medium,-30.14742105263286
2025-03-13 14:00:00+00:00,69.04109589041096,medium,-55.53340601503989
2025-03-13 15:00:00+00:00,53.15068493150685,medium,-89.23533834586623
2025-03-13 16:00:00+00:00,22.19178082191781,medium,-119.22824812030075
2025-03-13 17:00:00+00:00,9.863013698630137,medium,-157.9385413533887
2025-03-13 18:00:00+00:00,19.45205479452055,medium,-172.49019548872167
2025-03-13 19:00:00+00:00,13.972602739726028,medium,-191.02213533834842
2025-03-13 20:00:00+00:00,10.41095890410959,medium,-205.65727067669275
2025-03-13 21:00:00+00:00,13.698630136986301,medium,-201.8861503759422
2025-03-13 22:00:00+00:00,56.986301369863014,medium,-187.34906766917578
2025-03-13 23:00:00+00:00,49.589041095890416,medium,-176.50566917293366
2025-03-14 00:00:00+00:00,62.19178082191781,medium,-161.01183458646813
2025-03-14 01:00:00+00:00,61.917808219178085,medium,-143.45529323308114
2025-03-14 02:00:00+00:00,77.53424657534246,high,-112.51040601504023
2025-03-14 03:00:00+00:00,72.87671232876713,high,-87.01481203007849
2025-03-14 04:00:00+00:00,74.24657534246575,high,-61.59184210526481
2025-03-14 05:00:00+00:00,79.17808219178082,high,-24.697819548874126
2025-03-14 06:00:00+00:00,79.72602739726027,high,8.930857142855274
2025-03-14 07:00:00+00:00,79.45205479452055,high,42.78328571428453
2025-03-14 08:00:00+00:00,89.04109589041096,high,76.65372932330656
2025-03-14 09:00:00+00:00,86.84931506849315,medium,101.32838345864596
2025-03-14 10:00:00+00:00,89.58904109589041,medium,131.96493984962422
2025-03-14 11:00:00+00:00,90.13698630136986,medium,148.82845112781837
2025-03-14 12:00:00+00:00,88.4931506849315,medium,162.10869924811928
2025-03-14 13:00:00+00:00,90.13698630136986,medium,161.32573684210516
2025-03-14 14:00:00+00:00,93.42465753424658,low,166.05472180450792
2025-03-14 15:00:00+00:00,95.61643835616438,medium,174.24586466165346
2025-03-14 16:00:00+00:00,96.7123287671233,medium,179.1943759398464
2025-03-14 17:00:00+00:00,95.61643835616438,medium,178.4447593984944
2025-03-14 18:00:00+00:00,95.34246575342465,medium,184.3853759398493
2025-03-14 19:00:00+00:00,94.24657534246576,medium,180.89800751879585
2025-03-14 20:00:00+00:00,92.6027397260274,medium,172.26213533834456
2025-03-14 21:00:00+00:00,92.87671232876711,medium,162.37859398495974
2025-03-14 22:00:00+00:00,94.52054794520548,medium,161.750398496237
2025-03-14 23:00:00+00:00,89.86301369863014,medium,145.95911278195217
2025-03-15 00:00:00+00:00,92.32876712328768,medium,132.4409022556348
2025-03-15 01:00:00+00:00,88.4931506849315,medium,119.26053383458417
2025-03-15 02:00:00+00:00,90.41095890410958,medium,104.02967669172766
2025-03-15 03:00:00+00:00,92.32876712328768,medium,86.16348120300337
2025-03-15 04:00:00+00:00,94.52054794520548,medium,70.97332330826835
2025-03-15 05:00:00+00:00,92.87671232876711,medium,53.15317293232948
2025-03-15 06:00:00+00:00,92.32876712328768,medium,36.102932330825375
2025-03-15 07:00:00+00:00,88.21917808219179,medium,15.581999999996283
2025-03-15 08:00:00+00:00,89.04109589041096,medium,-2.239120300754948
2025-03-15 09:00:00+00:00,90.43715846994536,medium,-16.825413533838617
2025-03-15 10:00:00+00:00,87.70491803278688,medium,-33.96402255639339
2025-03-15 11:00:00+00:00,90.43715846994536,low,-30.00484962406098
2025-03-15 12:00:00+00:00,89.61748633879782,low,-23.652233082707482
2025-03-15 13:00:00+00:00,91.80327868852459,low,-18.36606766917385
2025-03-15 14:00:00+00:00,88.52459016393442,low,-14.669248120299267
2025-03-15 15:00:00+00:00,91.53005464480874,low,-7.512751879700996
2025-03-15 16:00:00+00:00,91.53005464480874,low,-6.541165413537035
2025-03-15 17:00:00+00:00,92.62295081967213,low,-3.8354210526336274
2025-03-15 18:00:00+00:00,89.89071038251366,low,-0.6300451127835425
2025-03-15 19:00:00+00:00,89.89071038251366,low,-3.1881353383458144
2025-03-15 20:00:00+00:00,92.62295081967213,low,0.010503759396653118
2025-03-15 21:00:00+00:00,93.71584699453553,low,3.9576766917260837
2025-03-15 22:00:00+00:00,92.34972677595628,low,10.988172932329897
2025-03-15 23:00:00+00:00,90.98360655737704,low,16.609233082703458
2025-03-16 00:00:00+00:00,88.25136612021858,low,20.6887894736823
2025-03-16 01:00:00+00:00,78.41530054644808,low,16.580075187968394
2025-03-16 02:00:00+00:00,74.86338797814209,low,13.140067669171078
2025-03-16 03:00:00+00:00,87.1584699453552,low,9.638857142855407
2025-03-16 04:00:00+00:00,85.51912568306011,low,7.484233082704498
2025-03-16 05:00:00+00:00,88.79781420765028,low,5.549631578944028
2025-03-16 06:00:00+00:00,89.34426229508196,low,-0.28389473684362543
2025-03-16 07:00:00+00:00,85.79234972677595,low,-2.911278195488361
2025-03-16 08:00:00+00:00,84.15300546448088,low,-5.356894736845331
2025-03-16 09:00:00+00:00,57.103825136612016,low,-8.198187969926519
2025-03-16 10:00:00+00:00,36.6120218579235,low,-18.66207518797301
2025-03-16 11:00:00+00:00,12.568306010928962,low,-43.00042105263014
2025-03-16 12:00:00+00:00,13.661202185792352,medium,-59.219804511279186
2025-03-16 13:00:00+00:00,9.289617486338798,medium,-74.36838345864714
2025-03-16 14:00:00+00:00,13.661202185792352,medium,-78.81148872180351
2025-03-16 15:00:00+00:00,12.841530054644808,medium,-81.51287969924859
2025-03-16 16:00:00+00:00,23.224043715846996,medium,-76.84996240601721
2025-03-16 17:00:00+00:00,20.491803278688526,medium,-67.0799097744379
2025-03-16 18:00:00+00:00,14.754098360655737,medium,-59.711804511278714
2025-03-16 19:00:00+00:00,11.475409836065573,medium,-60.63612781955217
2025-03-16 20:00:00+00:00,13.934426229508196,medium,-59.343676691729556
2025-03-16 21:00:00+00:00,13.114754098360656,medium,-68.99413533834897
2025-03-16 22:00:00+00:00,10.655737704918032,medium,-85.07036090225958
2025-03-16 23:00:00+00:00,10.92896174863388,medium,-85.67865413534044
2025-03-17 00:00:00+00:00,16.39344262295082,medium,-75.57110526315907
2025-03-17 01:00:00+00:00,23.224043715846996,medium,-61.087488721805364
2025-03-17 02:00:00+00:00,29.78142076502732,medium,-47.80312030075233
2025-03-17 03:00:00+00:00,41.53005464480874,medium,-25.64972932330878
2025-03-17 04:00:00+00:00,43.44262295081967,medium,-3.543902255642289
2025-03-17 05:00:00+00:00,29.78142076502732,medium,6.601360902255288
2025-03-17 06:00:00+00:00,27.86885245901639,medium,15.724436090223442
2025-03-17 07:00:00+00:00,52.459016393442624,medium,10.628127819546899
2025-03-17 08:00:00+00:00,56.830601092896174,medium,8.9560827067658
2025-03-17 09:00:00+00:00,70.76502732240438,medium,5.244571428569733
2025-03-17 10:00:00+00:00,74.59016393442623,medium,7.62509774435857
2025-03-17 11:00:00+00:00,71.85792349726776,medium,11.656842105262854
2025-03-17 12:00:00+00:00,65.02732240437157,medium,13.73973684210299
2025-03-17 13:00:00+00:00,56.557377049180324,medium,20.69012781954531
2025-03-17 14:00:00+00:00,57.650273224043715,medium,24.063195488721856
2025-03-17 15:00:00+00:00,69.12568306010928,medium,27.92583458646539
2025-03-17 16:00:00+00:00,63.661202185792355,medium,31.834887218042066
2025-03-17 17:00:00+00:00,82.24043715846994,medium,38.977007518796455
2025-03-17 18:00:00+00:00,87.97814207650273,medium,37.61716541353214
2025-03-17 19:00:00+00:00,86.0655737704918,medium,40.03545112781777
2025-03-17 20:00:00+00:00,84.97267759562843,medium,39.62390977443579
2025-03-17 21:00:00+00:00,86.33879781420765,medium,42.447819548868374
2025-03-17 22:00:00+00:00,85.79234972677595,medium,43.429112781951915
2025-03-17 23:00:00+00:00,83.87978142076503,medium,49.7160751879678
2025-03-18 00:00:00+00:00,78.14207650273224,medium,51.411090225562496
2025-03-18 01:00:00+00:00,46.72131147540984,medium,36.04393984962237
2025-03-18 02:00:00+00:00,55.46448087431693,medium,25.14513533834387
2025-03-18 03:00:00+00:00,35.24590163934426,medium,16.360571428572033
2025-03-18 04:00:00+00:00,47.26775956284153,medium,5.617007518794036
2025-03-18 05:00:00+00:00,55.19125683060109,medium,-2.1269323308315213
2025-03-18 06:00:00+00:00,30.05464480874317,medium,-21.952699248121753
2025-03-18 07:00:00+00:00,47.540983606557376,medium,-27.546097744364328
2025-03-18 08:00:00+00:00,59.56284153005464,medium,-38.23977443609411
2025-03-18 09:00:00+00:00,57.103825136612016,medium,-56.02700000000338
2025-03-18 10:00:00+00:00,58.46994535519126,medium,-75.57960150376185
2025-03-18 11:00:00+00:00,41.2568306010929,medium,-88.64127067669459
2025-03-18 12:00:00+00:00,42.349726775956285,medium,-104.0928947368438
2025-03-18 13:00:00+00:00,25.40983606557377,medium,-120.98315037594152
2025-03-18 14:00:00+00:00,35.79234972677596,medium,-121.92115789473607
2025-03-18 15:00:00+00:00,14.754098360655737,medium,-122.60081203007988
2025-03-18 16:00:00+00:00,17.759562841530055,medium,-123.85385714285955
2025-03-18 17:00:00+00:00,12.841530054644808,medium,-125.49295488721977
2025-03-18 18:00:00+00:00,17.21311475409836,medium,-117.42956390977648
2025-03-18 19:00:00+00:00,28.415300546448087,medium,-100.79622556391116
2025-03-18 20:00:00+00:00,33.060109289617486,medium,-88.90494736842133
2025-03-18 21:00:00+00:00,37.97814207650273,medium,-84.13139097744524
2025-03-18 22:00:00+00:00,59.2896174863388,medium,-69.70408270676793
2025-03-18 23:00:00+00:00,68.85245901639344,medium,-52.72830075188072
2025-03-19 00:00:00+00:00,76.22950819672131,medium,-31.84779699248206
2025-03-19 01:00:00+00:00,58.7431693989071,medium,-18.236105263159786
2025-03-19 02:00:00+00:00,66.93989071038251,medium,-9.000150375943724
2025-03-19 03:00:00+00:00,77.04918032786885,medium,13.280120300750259
2025-03-19 04:00:00+00:00,72.40437158469946,medium,36.40148872180148
2025-03-19 05:00:00+00:00,75.13661202185791,medium,57.187323308266706
2025-03-19 06:00:00+00:00,73.224043715847,medium,76.4402030075179
2025-03-19 07:00:00+00:00,51.09289617486339,medium,91.21169172932248
2025-03-19 08:00:00+00:00,56.830601092896174,medium,105.46750375939527
2025-03-19 09:00:00+00:00,64.20765027322405,low,103.4509248120288
2025-03-19 10:00:00+00:00,75.13661202185791,low,105.03492481202912
2025-03-19 11:00:00+00:00,84.42622950819673,low,106.24742857142525
2025-03-19 12:00:00+00:00,80.87431693989072,low,105.95960902255416
2025-03-19 13:00:00+00:00,78.41530054644808,low,101.64870676691757
2025-03-19 14:00:00+00:00,81.69398907103826,low,103.29835338345724
2025-03-19 15:00:00+00:00,81.4207650273224,low,113.97112030075006
2025-03-19 16:00:00+00:00,78.96174863387978,low,114.51993984962408
2025-03-19 17:00:00+00:00,71.31147540983606,low,106.57763157894478
2025-03-19 18:00:00+00:00,86.6120218579235,medium,120.36186466165144
2025-03-19 19:00:00+00:00,86.0655737704918,medium,131.79537593984818
2025-03-19 20:00:00+00:00,86.0655737704918,medium,144.3696842105224
2025-03-19 21:00:00+00:00,86.33879781420765,medium,149.4106992481178
2025-03-19 22:00:00+00:00,89.61748633879782,medium,161.61554887217906
2025-03-19 23:00:00+00:00,90.7103825136612,medium,181.3506390977424
2025-03-20 00:00:00+00:00,87.97814207650273,medium,182.19491729323235
2025-03-20 01:00:00+00:00,83.87978142076503,medium,180.85665413533619
2025-03-20 02:00:00+00:00,87.70491803278688,medium,177.72870676691733
2025-03-20 03:00:00+00:00,85.79234972677595,medium,167.64111278195412
2025-03-20 04:00:00+00:00,84.15300546448088,medium,154.06675939849518
2025-03-20 05:00:00+00:00,83.33333333333334,medium,140.91760902255456
2025-03-20 06:00:00+00:00,84.15300546448088,medium,122.391781954887
2025-03-20 07:00:00+00:00,81.9672131147541,medium,107.77207518796844
2025-03-20 08:00:00+00:00,87.97814207650273,medium,94.21470676691727
2025-03-20 09:00:00+00:00,79.50819672131148,medium,77.1350676691723
2025-03-20 10:00:00+00:00,47.26775956284153,medium,50.89624812029935
2025-03-20 11:00:00+00:00,48.63387978142077,medium,34.606819548869
2025-03-20 12:00:00+00:00,66.12021857923497,medium,12.562518796989528
2025-03-20 13:00:00+00:00,55.19125683060109,medium,-13.820804511279082
2025-03-20 14:00:00+00:00,81.4207650273224,medium,-10.922812030075809
2025-03-20 15:00:00+00:00,40.98360655737705,high,-32.83488721804575
2025-03-20 16:00:00+00:00,20.435967302452315,high,-67.59598496240817
2025-03-20 17:00:00+00:00,33.787465940054496,high,-91.40750375939857
2025-03-20 18:00:00+00:00,31.88010899182561,high,-105.11890977443845
2025-03-20 19:00:00+00:00,35.14986376021799,high,-103.18915789473857
2025-03-20 20:00:00+00:00,34.60490463215259,medium,-105.24457142857486
2025-03-20 21:00:00+00:00,26.158038147138964,medium,-109.99987969924919
2025-03-20 22:00:00+00:00,26.975476839237057,medium,-112.33461654135456
2025-03-20 23:00:00+00:00,27.79291553133515,medium,-113.3583533834589
2025-03-21 00:00:00+00:00,36.51226158038147,medium,-111.07822556391493
2025-03-21 01:00:00+00:00,44.4141689373297,medium,-100.9485338345886
2025-03-21 02:00:00+00:00,30.79019073569482,high,-91.59125563909978
2025-03-21 03:00:00+00:00,20.98092643051771,high,-83.05224060150542
2025-03-21 04:00:00+00:00,27.247956403269757,medium,-62.745150375940895
2025-03-21 05:00:00+00:00,24.52316076294278,medium,-48.56668421052846
2025-03-21 06:00:00+00:00,22.3433242506812,medium,-47.23167669172975
2025-03-21 07:00:00+00:00,19.07356948228883,medium,-42.99037593984976
2025-03-21 08:00:00+00:00,17.71117166212534,medium,-37.49889473684339
2025-03-21 09:00:00+00:00,16.260162601626014,medium,-25.858714285713457
2025-03-21 10:00:00+00:00,13.279132791327914,medium,-1.3853684210527955
2025-03-21 11:00:00+00:00,13.008130081300814,low,1.0563458646604138
2025-03-21 12:00:00+00:00,11.11111111111111,low,-17.84519548872182
2025-03-21 13:00:00+00:00,12.737127371273713,low,-24.961353383459834
2025-03-21 14:00:00+00:00,15.176151761517614,low,-28.0079398496264
2025-03-21 15:00:00+00:00,12.466124661246612,low,-39.161511278195505
2025-03-21 16:00:00+00:00,17.344173441734416,low,-36.21024060150722
2025-03-21 17:00:00+00:00,17.344173441734416,low,-36.47639849624249
2025-03-21 18:00:00+00:00,22.22222222222222,low,-38.43974436090297
2025-03-21 19:00:00+00:00,21.138211382113823,low,-41.123180451131255
2025-03-21 20:00:00+00:00,25.203252032520325,low,-35.213909774439266
2025-03-21 21:00:00+00:00,25.745257452574528,low,-22.095661654138006
2025-03-21 22:00:00+00:00,20.867208672086722,low,-12.800360902259888
2025-03-21 23:00:00+00:00,19.78319783197832,low,-7.819060150377309
2025-03-22 00:00:00+00:00,24.661246612466126,low,2.714323308270122
2025-03-22 01:00:00+00:00,22.22222222222222,low,9.017541353382471
2025-03-22 02:00:00+00:00,27.100271002710024,low,13.276864661654049
2025-03-22 03:00:00+00:00,39.56639566395664,low,14.383917293232694
2025-03-22 04:00:00+00:00,51.490514905149055,low,17.924172932330467
2025-03-22 05:00:00+00:00,64.49864498644986,low,22.141879699245944
2025-03-22 06:00:00+00:00,70.46070460704607,low,26.67329323308227
2025-03-22 07:00:00+00:00,70.46070460704607,low,28.215939849621495
2025-03-22 08:00:00+00:00,72.62872628726286,low,19.527586466164358
2025-03-22 09:00:00+00:00,80.21680216802169,low,19.061834586464368
2025-03-22 10:00:00+00:00,81.57181571815718,low,23.533827067667072
2025-03-22 11:00:00+00:00,78.86178861788618,low,14.598706766914072
2025-03-22 12:00:00+00:00,77.50677506775068,low,12.928556390973746
2025-03-22 13:00:00+00:00,74.25474254742548,low,9.003203007515866
2025-03-22 14:00:00+00:00,63.41463414634146,low,3.784338345863218
2025-03-22 15:00:00+00:00,77.23577235772358,low,-2.131593984962632
2025-03-22 16:00:00+00:00,81.02981029810297,low,-3.7186015037624376
2025-03-22 17:00:00+00:00,85.36585365853658,low,-0.9875864661676272
2025-03-22 18:00:00+00:00,86.1788617886179,low,-1.312646616539838
2025-03-22 19:00:00+00:00,84.01084010840108,low,-4.208796992483603
2025-03-22 20:00:00+00:00,76.42276422764228,low,-8.616413533837845
2025-03-22 21:00:00+00:00,68.83468834688347,low,-13.74992481202974
2025-03-22 22:00:00+00:00,68.83468834688347,low,-17.701345864664
2025-03-22 23:00:00+00:00,63.956639566395665,low,-21.966060150378418
2025-03-23 00:00:00+00:00,60.70460704607046,low,-21.4804360902262
2025-03-23 01:00:00+00:00,66.93766937669376,low,-20.284030075190007
2025-03-23 02:00:00+00:00,73.44173441734418,low,-16.130639097746595
2025-03-23 03:00:00+00:00,80.21680216802169,low,-12.92282706767041
2025-03-23 04:00:00+00:00,68.56368563685636,low,-12.248593984963643
2025-03-23 05:00:00+00:00,69.10569105691057,low,-7.353368421053565
2025-03-23 06:00:00+00:00,68.83468834688347,low,-1.2428872180471138
2025-03-23 07:00:00+00:00,73.44173441734418,low,2.908954887215022
2025-03-23 08:00:00+00:00,71.54471544715447,low,7.85290225563944
2025-03-23 09:00:00+00:00,71.81571815718158,low,11.305962406013021
2025-03-23 10:00:00+00:00,77.23577235772358,low,13.926466165409973
2025-03-23 11:00:00+00:00,73.44173441734418,low,20.585879699245208
2025-03-23 12:00:00+00:00,65.31165311653116,low,27.537067669170423
2025-03-23 13:00:00+00:00,67.47967479674797,low,40.41652631578867
2025-03-23 14:00:00+00:00,41.46341463414634,low,49.24652631578685
2025-03-23 15:00:00+00:00,43.63143631436314,low,60.15439097744004
2025-03-23 16:00:00+00:00,33.60433604336043,low,66.81463909774241
2025-03-23 17:00:00+00:00,19.51219512195122,low,69.23781954887059
2025-03-23 18:00:00+00:00,22.22222222222222,low,68.72462406015043
2025-03-23 19:00:00+00:00,28.184281842818425,low,65.33188721804532
2025-03-23 20:00:00+00:00,29.268292682926827,low,64.11251879699171
2025-03-23 21:00:00+00:00,35.230352303523034,low,63.307097744360014
2025-03-23 22:00:00+00:00,37.94037940379404,low,66.04223308270619
2025-03-23 23:00:00+00:00,51.21951219512195,low,77.23786466165242
2025-03-24 00:00:00+00:00,49.05149051490515,low,82.80729323308162
2025-03-24 01:00:00+00:00,21.40921409214092,low,80.98824060150243
2025-03-24 02:00:00+00:00,31.70731707317073,low,81.92959398496168
2025-03-24 03:00:00+00:00,61.78861788617886,low,90.26690977443688
2025-03-24 04:00:00+00:00,81.84281842818429,low,100.70515789473644
2025-03-24 05:00:00+00:00,85.90785907859079,low,107.88026315789206
2025-03-24 06:00:00+00:00,86.44986449864498,low,116.38900751879632
2025-03-24 07:00:00+00:00,85.09485094850947,low,120.94081954886943
2025-03-24 08:00:00+00:00,88.88888888888889,low,130.64748872180266
2025-03-24 09:00:00+00:00,89.70189701897019,low,138.51457142856935
2025-03-24 10:00:00+00:00,89.70189701897019,low,149.31590225563804
2025-03-24 11:00:00+00:00,89.70189701897019,low,158.73105263157498
2025-03-24 12:00:00+00:00,90.2439024390244,medium,160.1801804511278
2025-03-24 13:00:00+00:00,88.34688346883469,medium,160.21239097744183
2025-03-24 14:00:00+00:00,87.8048780487805,medium,159.1733834586444
2025-03-24 15:00:00+00:00,90.2439024390244,medium,159.7903609022551
2025-03-24 16:00:00+00:00,86.72086720867209,medium,152.6520451127788
2025-03-24 17:00:00+00:00,90.2439024390244,medium,148.0681578947327
2025-03-24 18:00:00+00:00,91.869918699187,medium,141.44618045112557
2025-03-24 19:00:00+00:00,90.78590785907859,medium,138.08399999999807
2025-03-24 20:00:00+00:00,89.70189701897019,medium,124.97372932330425
2025-03-24 21:00:00+00:00,92.6829268292683,medium,105.72734586465747
2025-03-24 22:00:00+00:00,90.5149051490515,medium,78.54392481202834
2025-03-24 23:00:00+00:00,91.32791327913279,medium,59.817511278194004
2025-03-25 00:00:00+00:00,92.14092140921409,medium,45.983992481201795
2025-03-25 01:00:00+00:00,84.5528455284553,medium,24.614879699245325
2025-03-25 02:00:00+00:00,82.92682926829268,medium,3.0015939849579962
2025-03-25 03:00:00+00:00,71.27371273712737,medium,-26.766676691732417
2025-03-25 04:00:00+00:00,71.27371273712737,medium,-47.07237593985199
2025-03-25 05:00:00+00:00,78.31978319783198,medium,-68.50406015037873
2025-03-25 06:00:00+00:00,79.40379403794037,low,-80.84263909774533
2025-03-25 07:00:00+00:00,76.15176151761518,low,-94.43620300752046
2025-03-25 08:00:00+00:00,82.11382113821138,low,-107.88163909774764
2025-03-25 09:00:00+00:00,84.5528455284553,low,-107.221278195491
2025-03-25 10:00:00+00:00,84.28184281842819,low,-103.07748872180781
2025-03-25 11:00:00+00:00,84.28184281842819,low,-88.12216541353348
2025-03-25 12:00:00+00:00,74.52574525745257,low,-80.40330827067808
2025-03-25 13:00:00+00:00,73.71273712737127,low,-57.54505263157964
2025-03-25 14:00:00+00:00,78.86178861788618,low,-27.22855639097869
2025-03-25 15:00:00+00:00,76.15176151761518,low,-3.6177669172935123
2025-03-25 16:00:00+00:00,75.60975609756098,low,14.765827067665558
2025-03-25 17:00:00+00:00,84.28184281842819,low,39.51027819548627
2025-03-25 18:00:00+00:00,74.52574525745257,low,52.71021052631394
2025-03-25 19:00:00+00:00,81.84281842818429,low,70.2051654135319
2025-03-25 20:00:00+00:00,77.77777777777779,low,84.57496240601188
2025-03-25 21:00:00+00:00,79.94579945799458,low,89.00424812030123
2025-03-25 22:00:00+00:00,81.57181571815718,low,84.7415939849615
2025-03-25 23:00:00+00:00,82.11382113821138,low,73.26075939849646
2025-03-26 00:00:00+00:00,79.94579945799458,low,64.58562406014708
2025-03-26 01:00:00+00:00,85.63685636856368,low,58.59770676691548
2025-03-26 02:00:00+00:00,51.490514905149055,low,41.60958646616435
2025-03-26 03:00:00+00:00,48.509485094850945,low,19.44688721804487
2025-03-26 04:00:00+00:00,58.536585365853654,low,3.070744360901142
2025-03-26 05:00:00+00:00,77.23577235772358,low,-3.457187969924583
2025-03-26 06:00:00+00:00,83.19783197831978,low,-6.326187969926306
2025-03-26 07:00:00+00:00,88.6178861788618,low,-3.2670300751919266
2025-03-26 08:00:00+00:00,84.28184281842819,low,-8.469774436092035
2025-03-26 09:00:00+00:00,86.44986449864498,low,-7.212744360903452
2025-03-26 10:00:00+00:00,91.59891598915989,low,4.11792481202902
2025-03-26 11:00:00+00:00,90.5149051490515,low,7.63095488721541
2025-03-26 12:00:00+00:00,87.53387533875339,low,9.131533834584983
2025-03-26 13:00:00+00:00,34.959349593495936,low,-0.9954135338367678
2025-03-26 14:00:00+00:00,28.64864864864865,low,-12.268210526318782
2025-03-26 15:00:00+00:00,31.62162162162162,low,-17.61260902255633
2025-03-26 16:00:00+00:00,34.054054054054056,low,-28.51783458646939
2025-03-26 17:00:00+00:00,27.027027027027028,low,-38.25584210526276
2025-03-26 18:00:00+00:00,20.81081081081081,low,-55.97309022556527
2025-03-26 19:00:00+00:00,20.54054054054054,medium,-67.65433834586692
2025-03-26 20:00:00+00:00,32.432432432432435,medium,-63.81943609022703
2025-03-26 21:00:00+00:00,28.91891891891892,medium,-58.95281203007506
2025-03-26 22:00:00+00:00,19.72972972972973,medium,-65.07166917293397
2025-03-26 23:00:00+00:00,21.35135135135135,medium,-72.0089774436118
2025-03-27 00:00:00+00:00,42.16216216216216,medium,-70.46987218045287
2025-03-27 01:00:00+00:00,46.75675675675676,medium,-64.47515037593965
2025-03-27 02:00:00+00:00,63.24324324324324,medium,-49.32256390977578
2025-03-27 03:00:00+00:00,67.83783783783784,medium,-28.66069172932544
2025-03-27 04:00:00+00:00,64.5945945945946,medium,-12.267548872185369
2025-03-27 05:00:00+00:00,53.51351351351351,medium,1.5171654135301247
2025-03-27 06:00:00+00:00,46.75675675675676,medium,21.02357894736541
2025-03-27 07:00:00+00:00,39.45945945945946,medium,38.48996240601248
2025-03-27 08:00:00+00:00,37.567567567567565,medium,55.049669172929946
2025-03-27 09:00:00+00:00,28.10810810810811,low,56.55802255638956
2025-03-27 10:00:00+00:00,21.891891891891895,low,52.984045112778695
2025-03-27 11:00:00+00:00,15.945945945945947,low,44.84822556390955
2025-03-27 12:00:00+00:00,17.56756756756757,low,30.052210526313203
2025-03-27 13:00:00+00:00,15.945945945945947,low,10.380030075187886
2025-03-27 14:00:00+00:00,37.19676549865229,medium,-1.8273684210554806
2025-03-27 15:00:00+00:00,26.68463611859838,medium,-14.484150375941615
2025-03-27 16:00:00+00:00,17.25067385444744,low,-18.48117293233218
2025-03-27 17:00:00+00:00,11.320754716981133,low,-23.387548872182585
2025-03-27 18:00:00+00:00,22.911051212938006,low,-28.229593984963017
2025-03-27 19:00:00+00:00,20.485175202156334,low,-34.467639097746435
2025-03-27 20:00:00+00:00,22.911051212938006,low,-31.463518796994652
2025-03-27 21:00:00+00:00,33.153638814016176,low,-23.285180451129055
2025-03-27 22:00:00+00:00,26.68463611859838,low,-15.403180451129906
2025-03-27 23:00:00+00:00,19.40700808625337,low,-7.382345864663362
2025-03-28 00:00:00+00:00,16.711590296495956,low,0.6944060150359966
2025-03-28 01:00:00+00:00,22.911051212938006,low,3.9890751879677384
2025-03-28 02:00:00+00:00,18.059299191374663,low,4.545503759395893
2025-03-28 03:00:00+00:00,11.590296495956872,low,3.5318120300750606
2025-03-28 04:00:00+00:00,7.008086253369273,low,-2.892954887218888
2025-03-28 05:00:00+00:00,5.3908355795148255,low,-11.442849624059551
2025-03-28 06:00:00+00:00,4.31266846361186,low,-26.27961654135649
2025-03-28 07:00:00+00:00,4.31266846361186,medium,-50.10897744360896
2025-03-28 08:00:00+00:00,4.5822102425876015,medium,-74.20457142857057
2025-03-28 09:00:00+00:00,4.5822102425876015,medium,-102.87068421053142
2025-03-28 10:00:00+00:00,4.5822102425876015,low,-118.20486466165545
2025-03-28 11:00:00+00:00,4.8517520215633425,low,-130.61810526315995
2025-03-28 12:00:00+00:00,5.121293800539084,low,-145.8814360902265
2025-03-28 13:00:00+00:00,4.5822102425876015,low,-157.68851127819627
2025-03-28 14:00:00+00:00,4.31266846361186,low,-173.71877443609233
2025-03-28 15:00:00+00:00,5.660377358490567,low,-189.21929323308413
2025-03-28 16:00:00+00:00,4.5822102425876015,low,-199.95538345864625
2025-03-28 17:00:00+00:00,5.121293800539084,low,-198.2330751879709
2025-03-28 18:00:00+00:00,4.8517520215633425,low,-196.4336691729338
2025-03-28 19:00:00+00:00,4.8517520215633425,low,-192.56464661654374
2025-03-28 20:00:00+00:00,5.3908355795148255,low,-181.54187969924953
2025-03-28 21:00:00+00:00,5.3908355795148255,low,-163.43580451128153
2025-03-28 22:00:00+00:00,5.660377358490567,low,-138.26490225564223
2025-03-28 23:00:00+00:00,5.660377358490567,low,-113.29054135338534
2025-03-29 00:00:00+00:00,5.3908355795148255,low,-92.76289473684314
2025-03-29 01:00:00+00:00,5.929919137466308,low,-74.89794736842505
2025-03-29 02:00:00+00:00,5.3908355795148255,low,-65.87511278195527
2025-03-29 03:00:00+00:00,5.929919137466308,low,-57.5387744360924
2025-03-29 04:00:00+00:00,5.3908355795148255,low,-48.948000000002786
2025-03-29 05:00:00+00:00,5.660377358490567,low,-40.5433383458668
2025-03-29 06:00:00+00:00,5.660377358490567,low,-36.91148120300917
2025-03-29 07:00:00+00:00,6.46900269541779,low,-27.38199248120602
2025-03-29 08:00:00+00:00,6.46900269541779,low,-16.243812030078573
2025-03-29 09:00:00+00:00,5.660377358490567,low,-9.57621804511499
2025-03-29 10:00:00+00:00,5.3908355795148255,low,-22.522308270677957
2025-03-29 11:00:00+00:00,5.3908355795148255,low,-44.56629323308325
2025-03-29 12:00:00+00:00,5.929919137466308,low,-65.59987969925076
2025-03-29 13:00:00+00:00,5.929919137466308,low,-75.69517293233264
2025-03-29 14:00:00+00:00,5.3908355795148255,medium,-91.05009774436108
2025-03-29 15:00:00+00:00,3.7735849056603774,medium,-107.0279624060148
2025-03-29 16:00:00+00:00,4.0431266846361185,medium,-123.96065413534001
2025-03-29 17:00:00+00:00,4.8517520215633425,low,-132.50444360902554
2025-03-29 18:00:00+00:00,5.660377358490567,low,-131.5461503759435
2025-03-29 19:00:00+00:00,6.199460916442049,low,-122.33335338346104
2025-03-29 20:00:00+00:00,5.660377358490567,medium,-114.58123308270922
2025-03-29 21:00:00+00:00,4.5822102425876015,medium,-105.70093233082747
2025-03-29 22:00:00+00:00,4.533333333333333,low,-102.80934586466441
2025-03-29 23:00:00+00:00,5.866666666666666,low,-89.0506842105292
2025-03-30 00:00:00+00:00,5.333333333333334,low,-72.32360902255871
2025-03-30 01:00:00+00:00,6.933333333333333,low,-52.61432330827417
2025-03-30 02:00:00+00:00,9.866666666666667,medium,-29.2967744360905
2025-03-30 03:00:00+00:00,7.466666666666668,medium,-9.612842105265024
2025-03-30 04:00:00+00:00,12.266666666666666,medium,14.545338345862964
2025-03-30 05:00:00+00:00,10.4,low,31.619639097740652
2025-03-30 06:00:00+00:00,16.8,low,42.9745187969895
2025-03-30 07:00:00+00:00,15.466666666666667,low,42.487774436088465
2025-03-30 08:00:00+00:00,28.799999999999997,low,47.80131578947132
2025-03-30 09:00:00+00:00,28.000000000000004,low,59.659097744359194
2025-03-30 10:00:00+00:00,14.933333333333335,low,59.59580451127905
2025-03-30 11:00:00+00:00,16.266666666666666,low,57.057180451126484
2025-03-30 12:00:00+00:00,16.53333333333333,low,49.50512781954736
2025-03-30 13:00:00+00:00,9.333333333333334,low,37.123812030072564
2025-03-30 14:00:00+00:00,10.666666666666668,low,26.180067669173496
2025-03-30 15:00:00+00:00,11.200000000000001,low,20.04097744360675
2025-03-30 16:00:00+00:00,6.4,low,3.676466165413188
2025-03-30 17:00:00+00:00,10.933333333333334,low,-10.348067669175201
2025-03-30 18:00:00+00:00,34.13333333333333,low,-21.766654135340364
2025-03-30 19:00:00+00:00,24.0,low,-32.193639097745745
2025-03-30 20:00:00+00:00,19.466666666666665,low,-39.998872180453596
2025-03-30 21:00:00+00:00,12.266666666666666,low,-49.732338345866914
2025-03-30 22:00:00+00:00,15.733333333333333,low,-49.406218045114265
2025-03-30 23:00:00+00:00,14.933333333333335,low,-52.232864661658205
2025-03-31 00:00:00+00:00,7.733333333333333,low,-64.29278947368634
2025-03-31 01:00:00+00:00,29.86666666666667,low,-72.17166917293551
2025-03-31 02:00:00+00:00,23.200000000000003,low,-75.50670676691779
2025-03-31 03:00:00+00:00,9.866666666666667,low,-84.16096992481302
2025-03-31 04:00:00+00:00,16.8,low,-81.21457894736992
2025-03-31 05:00:00+00:00,24.0,medium,-69.4173533834632
2025-03-31 06:00:00+00:00,12.533333333333333,low,-63.26586466165541
2025-03-31 07:00:00+00:00,10.133333333333333,low,-57.356714285716386
2025-03-31 08:00:00+00:00,9.333333333333334,low,-50.78240601503998
2025-03-31 09:00:00+00:00,8.0,low,-55.00640601504148
2025-03-31 10:00:00+00:00,13.600000000000001,medium,-45.1546466165443
2025-03-31 11:00:00+00:00,18.933333333333334,medium,-35.07282706766905
2025-03-31 12:00:00+00:00,44.0,medium,-23.191962406017943
2025-03-31 13:00:00+00:00,16.53333333333333,medium,-13.688383458649689
2025-03-31 14:00:00+00:00,60.0,medium,14.795804511277378
2025-03-31 15:00:00+00:00,51.733333333333334,medium,38.118864661651166
2025-03-31 16:00:00+00:00,37.06666666666666,medium,58.37160150375908
2025-03-31 17:00:00+00:00,20.266666666666666,medium,63.82071428571148
2025-03-31 18:00:00+00:00,48.8,medium,80.49683458646467
2025-03-31 19:00:00+00:00,24.0,high,83.28656390977486
2025-03-31 20:00:00+00:00,21.066666666666666,medium,73.79230075188093
2025-03-31 21:00:00+00:00,23.733333333333334,medium,69.84751879699266
2025-03-31 22:00:00+00:00,23.733333333333334,medium,62.29878947368242
2025-03-31 23:00:00+00:00,22.666666666666664,medium,49.822766917292434
2025-04-01 00:00:00+00:00,30.933333333333334,medium,42.246669172930766
2025-04-01 01:00:00+00:00,21.866666666666667,medium,39.28658646616535
2025-04-01 02:00:00+00:00,59.46666666666667,medium,39.3704285714259
2025-04-01 03:00:00+00:00,57.599999999999994,medium,34.03615037593716
2025-04-01 04:00:00+00:00,61.6,medium,27.999481203005214
2025-04-01 05:00:00+00:00,60.266666666666666,medium,12.451578947367318
2025-04-01 06:00:00+00:00,77.60000000000001,medium,12.318496240599114
2025-04-01 07:00:00+00:00,74.4,medium,10.622413533833223
2025-04-01 08:00:00+00:00,89.33333333333333,medium,25.618218045111863
2025-04-01 09:00:00+00:00,88.8,medium,37.89145864661309
2025-04-01 10:00:00+00:00,63.46666666666667,medium,60.369796992476445
2025-04-01 11:00:00+00:00,50.93333333333333,medium,77.05104511278041
2025-04-01 12:00:00+00:00,50.93333333333333,medium,86.41162406015133
2025-04-01 13:00:00+00:00,62.4,medium,85.71516541353391
2025-04-01 14:00:00+00:00,69.6,medium,101.50969172932285
2025-04-01 15:00:00+00:00,83.73333333333333,medium,118.35151127819343
2025-04-01 16:00:00+00:00,76.8,medium,128.16786466165362
2025-04-01 17:00:00+00:00,72.53333333333333,medium,136.00532330826718
2025-04-01 18:00:00+00:00,51.46666666666667,medium,137.6969548872165
2025-04-01 19:00:00+00:00,45.06666666666666,medium,135.30460902255334
2025-04-01 20:00:00+00:00,46.666666666666664,medium,134.57017293233042
2025-04-01 21:00:00+00:00,52.53333333333333,medium,130.68790225563754
2025-04-01 22:00:00+00:00,55.46666666666666,medium,127.49688721804446
2025-04-01 23:00:00+00:00,49.06666666666666,medium,119.9662556390968
2025-04-02 00:00:00+00:00,21.6,medium,107.89893984962256
2025-04-02 01:00:00+00:00,18.4,medium,94.73724812029937
2025-04-02 02:00:00+00:00,11.466666666666667,medium,79.24681203007447
2025-04-02 03:00:00+00:00,15.466666666666667,medium,59.368030075187214
2025-04-02 04:00:00+00:00,13.066666666666665,medium,49.323263157893514
2025-04-02 05:00:00+00:00,6.666666666666667,medium,35.09664661653917
2025-04-02 06:00:00+00:00,6.666666666666667,medium,18.698300751877472
2025-04-02 07:00:00+00:00,8.266666666666666,medium,2.7863984962385024
2025-04-02 08:00:00+00:00,9.6,medium,-15.264157894739718
2025-04-02 09:00:00+00:00,17.866666666666667,medium,-29.97048120300786
2025-04-02 10:00:00+00:00,12.266666666666666,medium,-39.82987969925093
2025-04-02 11:00:00+00:00,9.6,low,-37.86915789473561
2025-04-02 12:00:00+00:00,12.8,low,-30.47387969925007
2025-04-02 13:00:00+00:00,13.333333333333334,low,-20.638127819549794
2025-04-02 14:00:00+00:00,17.819148936170212,low,-1.3541353383483827
2025-04-02 15:00:00+00:00,44.148936170212764,medium,26.928556390973252
2025-04-02 16:00:00+00:00,39.62765957446808,medium,61.01278195488615
2025-04-02 17:00:00+00:00,23.404255319148938,medium,85.7953609022528
2025-04-02 18:00:00+00:00,29.25531914893617,medium,101.82551879699243
2025-04-02 19:00:00+00:00,33.77659574468085,medium,125.76491729323152
2025-04-02 20:00:00+00:00,19.414893617021274,high,126.30974436090216
2025-04-02 21:00:00+00:00,8.77659574468085,high,117.20946616541302
2025-04-02 22:00:00+00:00,3.723404255319149,high,72.64849624060066
2025-04-02 23:00:00+00:00,3.723404255319149,high,23.977210526315314
2025-04-03 00:00:00+00:00,6.117021276595745,high,-10.57500751879743
2025-04-03 01:00:00+00:00,7.180851063829788,high,-43.42855639097946
2025-04-03 02:00:00+00:00,9.042553191489363,high,-75.2716090225587
2025-04-03 03:00:00+00:00,7.180851063829788,high,-105.89184962406156
2025-04-03 04:00:00+00:00,8.51063829787234,high,-130.06742857143166
2025-04-03 05:00:00+00:00,7.180851063829788,high,-150.22442857143042
2025-04-03 06:00:00+00:00,6.914893617021277,high,-174.3294436090219
2025-04-03 07:00:00+00:00,6.648936170212766,high,-194.7793984962416
2025-04-03 08:00:00+00:00,7.180851063829788,high,-202.74321804511507
2025-04-03 09:00:00+00:00,5.585106382978723,high,-208.84194736842377
2025-04-03 10:00:00+00:00,4.25531914893617,high,-205.64119548872375
2025-04-03 11:00:00+00:00,6.382978723404255,high,-186.3217969924828
2025-04-03 12:00:00+00:00,5.053191489361701,high,-173.0257218045113
2025-04-03 13:00:00+00:00,6.914893617021277,high,-153.07455639097836
2025-04-03 14:00:00+00:00,4.25531914893617,high,-143.96702255639295
2025-04-03 15:00:00+00:00,6.914893617021277,high,-110.76856390977814
2025-04-03 16:00:00+00:00,5.851063829787234,high,-92.82233082707087
2025-04-03 17:00:00+00:00,6.382978723404255,high,-81.82015037594346
2025-04-03 18:00:00+00:00,8.24468085106383,medium,-94.39772932331012
2025-04-03 19:00:00+00:00,8.24468085106383,medium,-112.16423308270964
2025-04-03 20:00:00+00:00,10.372340425531915,medium,-112.86145112782026
2025-04-03 21:00:00+00:00,13.563829787234042,medium,-98.77668421052842
2025-04-03 22:00:00+00:00,13.297872340425531,medium,-82.65069172932392
2025-04-03 23:00:00+00:00,14.095744680851062,medium,-62.75986466165451
2025-04-04 00:00:00+00:00,11.170212765957446,medium,-43.662601503757344
2025-04-04 01:00:00+00:00,9.574468085106384,medium,-32.1960751879712
2025-04-04 02:00:00+00:00,15.691489361702127,medium,-21.186218045116217
2025-04-04 03:00:00+00:00,15.159574468085108,medium,-4.987473684210879
2025-04-04 04:00:00+00:00,12.76595744680851,medium,14.293000000000717
2025-04-04 05:00:00+00:00,31.914893617021278,medium,38.75957894736639
2025-04-04 06:00:00+00:00,21.27659574468085,medium,57.42310526315493
2025-04-04 07:00:00+00:00,39.361702127659576,high,87.77915037594032
2025-04-04 08:00:00+00:00,54.25531914893617,medium,104.72168421052633
2025-04-04 09:00:00+00:00,50.797872340425535,medium,126.87735338345855
2025-04-04 10:00:00+00:00,7.446808510638298,high,103.80638345864708
2025-04-04 11:00:00+00:00,8.77659574468085,high,88.80942105263077
2025-04-04 12:00:00+00:00,15.425531914893616,high,72.40285714285669
2025-04-04 13:00:00+00:00,31.117021276595747,high,60.92380451127597
2025-04-04 14:00:00+00:00,24.20212765957447,high,40.706473684208675
2025-04-04 15:00:00+00:00,25.53191489361702,high,22.28581203007264
2025-04-04 16:00:00+00:00,29.25531914893617,high,15.804842105263905
2025-04-04 17:00:00+00:00,60.63829787234043,high,28.606451127816467
2025-04-04 18:00:00+00:00,41.48936170212766,high,32.48093984962353
2025-04-04 19:00:00+00:00,49.46808510638298,high,42.18376691729114
2025-04-04 20:00:00+00:00,63.56382978723404,high,50.25546616541066
2025-04-04 21:00:00+00:00,68.61702127659575,high,51.42476691729134
2025-04-04 22:00:00+00:00,65.69148936170212,high,51.90386466165224
2025-04-04 23:00:00+00:00,64.8936170212766,high,46.81797744360839
2025-04-05 00:00:00+00:00,73.67021276595744,high,37.10951127819528
2025-04-05 01:00:00+00:00,70.2127659574468,high,36.1167218045105
2025-04-05 02:00:00+00:00,62.23404255319149,high,31.61072932330639
2025-04-05 03:00:00+00:00,61.702127659574465,high,35.49387218045028
2025-04-05 04:00:00+00:00,59.57446808510638,high,47.380533834585236
2025-04-05 05:00:00+00:00,62.23404255319149,high,62.986857142855165
2025-04-05 06:00:00+00:00,71.27659574468085,medium,45.253360902253895
2025-04-05 07:00:00+00:00,81.64893617021278,medium,28.628165413532535
2025-04-05 08:00:00+00:00,81.64893617021278,medium,13.806233082705253
2025-04-05 09:00:00+00:00,82.4468085106383,medium,9.840939849620511
2025-04-05 10:00:00+00:00,79.52127659574468,medium,-9.801518796993962
2025-04-05 11:00:00+00:00,65.95744680851064,medium,-29.230609022560984
2025-04-05 12:00:00+00:00,48.40425531914894,medium,-43.58676691729543
2025-04-05 13:00:00+00:00,18.351063829787233,low,-48.43946616541495
2025-04-05 14:00:00+00:00,28.45744680851064,low,-55.87493984962495
2025-04-05 15:00:00+00:00,15.425531914893616,low,-65.6103157894755
2025-04-05 16:00:00+00:00,15.691489361702127,low,-69.08224060150609
2025-04-05 17:00:00+00:00,17.287234042553195,low,-68.21782706767053
2025-04-05 18:00:00+00:00,23.404255319148938,low,-65.03184962406297
2025-04-05 19:00:00+00:00,13.829787234042554,low,-65.46205263158134
2025-04-05 20:00:00+00:00,18.617021276595743,low,-62.880225563909406
2025-04-05 21:00:00+00:00,17.5531914893617,low,-58.49996992481429
2025-04-05 22:00:00+00:00,22.340425531914892,low,-48.64649624060242
2025-04-05 23:00:00+00:00,38.56382978723404,low,-38.18112781955116
2025-04-06 00:00:00+00:00,33.51063829787234,low,-26.891736842106614
2025-04-06 01:00:00+00:00,28.723404255319153,low,-16.607135338346183
2025-04-06 02:00:00+00:00,23.670212765957448,low,-11.11171428571724
2025-04-06 03:00:00+00:00,24.46808510638298,low,-3.9607368421063867
2025-04-06 04:00:00+00:00,27.127659574468083,low,5.604203007518243
2025-04-06 05:00:00+00:00,41.22340425531915,low,19.590383458644734
2025-04-06 06:00:00+00:00,24.46808510638298,low,26.12810526315697
2025-04-06 07:00:00+00:00,23.93617021276596,low,29.265075187967962
2025-04-06 08:00:00+00:00,30.585106382978722,low,30.473684210527793
2025-04-06 09:00:00+00:00,28.723404255319153,low,24.330932330824933
2025-04-06 10:00:00+00:00,23.404255319148938,low,17.296571428568704
2025-04-06 11:00:00+00:00,21.54255319148936,low,5.445135338345431
2025-04-06 12:00:00+00:00,14.095744680851062,low,-7.0993533834623594
2025-04-06 13:00:00+00:00,9.308510638297872,low,-23.1346015037613
2025-04-06 14:00:00+00:00,12.76595744680851,low,-30.533924812033145
2025-04-06 15:00:00+00:00,11.436170212765957,low,-41.85512781955062
2025-04-06 16:00:00+00:00,11.170212765957446,low,-57.56782706767085
2025-04-06 17:00:00+00:00,6.914893617021277,medium,-90.75785714285944
2025-04-06 18:00:00+00:00,5.053191489361701,high,-140.7551127819557
2025-04-06 19:00:00+00:00,3.9893617021276597,high,-171.85210526315856
2025-04-06 20:00:00+00:00,4.25531914893617,high,-207.88122556391303
2025-04-06 21:00:00+00:00,4.25531914893617,high,-237.2750150375946
2025-04-06 22:00:00+00:00,5.319148936170213,high,-274.64135338346
2025-04-06 23:00:00+00:00,5.053191489361701,high,-298.2032631578964
2025-04-07 00:00:00+00:00,4.787234042553192,high,-313.37369924812134
2025-04-07 01:00:00+00:00,5.851063829787234,high,-309.92509774436246
2025-04-07 02:00:00+00:00,4.521276595744681,high,-315.28580451128295
2025-04-07 03:00:00+00:00,3.4574468085106385,high,-325.54770676691857
2025-04-07 04:00:00+00:00,4.25531914893617,high,-337.9219924812074
2025-04-07 05:00:00+00:00,4.521276595744681,high,-341.234270676692
2025-04-07 06:00:00+00:00,2.925531914893617,high,-369.02897744361195
2025-04-07 07:00:00+00:00,2.925531914893617,high,-380.4138947368439
2025-04-07 08:00:00+00:00,5.585106382978723,high,-366.3712330827103
2025-04-07 09:00:00+00:00,4.521276595744681,high,-348.7373308270701
2025-04-07 10:00:00+00:00,4.521276595744681,high,-306.20348872180415
2025-04-07 11:00:00+00:00,4.25531914893617,high,-261.254300751882
2025-04-07 12:00:00+00:00,6.648936170212766,high,-207.33139097744655
2025-04-07 13:00:00+00:00,11.436170212765957,high,-150.0661879699251
2025-04-07 14:00:00+00:00,12.23404255319149,high,-106.45502255639416
2025-04-07 15:00:00+00:00,12.23404255319149,high,-62.62924060150453
2025-04-07 16:00:00+00:00,9.042553191489363,high,-43.82343609022745
2025-04-07 17:00:00+00:00,17.02127659574468,high,1.8788270676686427
2025-04-07 18:00:00+00:00,11.96808510638298,high,24.967601503757834
2025-04-07 19:00:00+00:00,11.436170212765957,high,48.143375939849136
2025-04-07 20:00:00+00:00,19.9468085106383,high,81.94018045112598
2025-04-07 21:00:00+00:00,22.606382978723406,high,131.70781203007385
2025-04-07 22:00:00+00:00,32.71276595744681,high,180.60532330826868
2025-04-07 23:00:00+00:00,19.9468085106383,high,204.22304511278068
2025-04-08 00:00:00+00:00,18.617021276595743,high,212.27190225563717
2025-04-08 01:00:00+00:00,71.01063829787235,high,239.0949774436068
2025-04-08 02:00:00+00:00,68.35106382978722,high,217.41488721804265
2025-04-08 03:00:00+00:00,54.52127659574468,high,192.3843984962399
2025-04-08 04:00:00+00:00,64.62765957446808,high,183.83999999999938
2025-04-08 05:00:00+00:00,48.67021276595745,high,163.24116541353231
2025-04-08 06:00:00+00:00,30.851063829787233,high,142.35692481202776
2025-04-08 07:00:00+00:00,39.361702127659576,high,113.75863909774313
2025-04-08 08:00:00+00:00,32.71276595744681,high,86.31621052631631
2025-04-08 09:00:00+00:00,36.17021276595745,high,68.7674210526295
2025-04-08 10:00:00+00:00,39.8936170212766,high,62.435654135334985
2025-04-08 11:00:00+00:00,80.58510638297872,high,61.39145864661512
2025-04-08 12:00:00+00:00,73.13829787234043,high,39.51712781954782
2025-04-08 13:00:00+00:00,78.72340425531915,high,40.81469172932122
2025-04-08 14:00:00+00:00,48.93617021276596,high,11.276165413530626
2025-04-08 15:00:00+00:00,56.11702127659575,high,-23.59345112782164
2025-04-08 16:00:00+00:00,22.872340425531913,high,-61.47430075187965
2025-04-08 17:00:00+00:00,24.20212765957447,high,-93.46910526316121
2025-04-08 18:00:00+00:00,26.063829787234045,high,-112.5876766917295
2025-04-08 19:00:00+00:00,15.425531914893616,high,-145.97395488721827
2025-04-08 20:00:00+00:00,21.01063829787234,high,-174.15796240601782
2025-04-08 21:00:00+00:00,22.074468085106382,high,-175.03563909774363
2025-04-08 22:00:00+00:00,15.957446808510639,high,-186.22818045112723
2025-04-08 23:00:00+00:00,14.361702127659576,high,-199.10446616541336
2025-04-09 00:00:00+00:00,12.76595744680851,high,-197.49014285714435
2025-04-09 01:00:00+00:00,17.02127659574468,high,-203.3992406015048
2025-04-09 02:00:00+00:00,14.893617021276595,high,-215.95963157895142
2025-04-09 03:00:00+00:00,16.75531914893617,high,-230.66488721804646
2025-04-09 04:00:00+00:00,23.404255319148938,high,-224.93333834586795
2025-04-09 05:00:00+00:00,33.51063829787234,high,-214.54596240601563
2025-04-09 06:00:00+00:00,39.8936170212766,high,-197.92227819549154
2025-04-09 07:00:00+00:00,63.03191489361703,high,-150.22069924811987
2025-04-09 08:00:00+00:00,65.69148936170212,high,-106.92068421052957
2025-04-09 09:00:00+00:00,54.25531914893617,high,-56.34872932330878
2025-04-09 10:00:00+00:00,58.77659574468085,high,-28.674105263160975
2025-04-09 11:00:00+00:00,18.882978723404257,high,-12.488436090227161
2025-04-09 12:00:00+00:00,27.925531914893615,high,-2.420383458649523
2025-04-09 13:00:00+00:00,59.308510638297875,high,21.005007518796535
2025-04-09 14:00:00+00:00,39.361702127659576,high,30.65429323308073
2025-04-09 15:00:00+00:00,53.45744680851063,high,40.02445112781497
2025-04-09 16:00:00+00:00,79.52127659574468,high,67.62211278195055
2025-04-09 17:00:00+00:00,99.46808510638297,high,149.1934360902234
2025-04-09 18:00:00+00:00,97.87234042553192,high,211.3580526315759
2025-04-09 19:00:00+00:00,98.40425531914893,high,267.2306240601494
2025-04-09 20:00:00+00:00,98.67021276595744,high,329.6744812030069
2025-04-09 21:00:00+00:00,98.93617021276596,high,376.08774436089976
2025-04-09 22:00:00+00:00,98.40425531914893,high,402.1497669172893
2025-04-09 23:00:00+00:00,98.13829787234043,high,401.3105263157864
2025-04-10 00:00:00+00:00,98.40425531914893,high,406.58737593984654
2025-04-10 01:00:00+00:00,97.3404255319149,high,406.48650375939576
2025-04-10 02:00:00+00:00,96.01063829787235,high,398.87627819548726
2025-04-10 03:00:00+00:00,93.88297872340425,high,390.7802932330802
2025-04-10 04:00:00+00:00,92.81914893617021,high,373.879654135335
2025-04-10 05:00:00+00:00,91.75531914893617,high,354.6173007518801
2025-04-10 06:00:00+00:00,92.02127659574468,high,323.74751127819326
2025-04-10 07:00:00+00:00,91.22340425531915,high,262.238233082707
2025-04-10 08:00:00+00:00,90.1595744680851,high,200.387353383457
2025-04-10 09:00:00+00:00,90.95744680851064,high,153.08675939849542
2025-04-10 10:00:00+00:00,89.62765957446808,high,82.31981954886952
2025-04-10 11:00:00+00:00,87.5,high,11.973285714284554
2025-04-10 12:00:00+00:00,87.2340425531915,high,-51.8350451127843
2025-04-10 13:00:00+00:00,83.24468085106383,medium,-70.64140601504002
2025-04-10 14:00:00+00:00,86.17021276595744,medium,-88.3013157894751
2025-04-10 15:00:00+00:00,38.03191489361702,high,-132.53140601503983
2025-04-10 16:00:00+00:00,60.90425531914894,high,-147.66370676691892
2025-04-10 17:00:00+00:00,66.22340425531915,high,-157.68618796992692
2025-04-10 18:00:00+00:00,71.27659574468085,high,-162.8642781954899
2025-04-10 19:00:00+00:00,65.69148936170212,high,-167.56579699248465
2025-04-10 20:00:00+00:00,74.20212765957447,high,-167.9184586466174
2025-04-10 21:00:00+00:00,72.3404255319149,high,-169.3656541353386
2025-04-10 22:00:00+00:00,72.07446808510637,high,-168.07585714285895
2025-04-10 23:00:00+00:00,71.80851063829788,high,-170.959947368424
2025-04-11 00:00:00+00:00,64.62765957446808,high,-174.78503007518944
2025-04-11 01:00:00+00:00,84.04255319148936,high,-151.8121503759405
2025-04-11 02:00:00+00:00,82.18085106382979,high,-128.44800751879805
2025-04-11 03:00:00+00:00,85.90425531914893,high,-103.42364661654219
2025-04-11 04:00:00+00:00,83.24468085106383,high,-77.34555639098042
2025-04-11 05:00:00+00:00,82.4468085106383,high,-43.61787969924872
2025-04-11 06:00:00+00:00,83.24468085106383,high,-8.242413533837004
2025-04-11 07:00:00+00:00,81.38297872340425,high,32.31628571428206
2025-04-11 08:00:00+00:00,78.72340425531915,high,76.30763157894732
2025-04-11 09:00:00+00:00,85.1063829787234,high,118.90283458646455
2025-04-11 10:00:00+00:00,85.37234042553192,high,169.0796090225552
2025-04-11 11:00:00+00:00,79.25531914893617,medium,169.13988721804242
2025-04-11 12:00:00+00:00,76.06382978723404,medium,174.92875939849338
2025-04-11 13:00:00+00:00,83.77659574468085,high,186.37360150375858
2025-04-11 14:00:00+00:00,76.59574468085107,high,180.39679699247858
2025-04-11 15:00:00+00:00,82.18085106382979,high,182.05297744360684
2025-04-11 16:00:00+00:00,86.70212765957447,high,187.71313533834333
2025-04-11 17:00:00+00:00,90.95744680851064,high,201.89495488721585
2025-04-11 18:00:00+00:00,86.70212765957447,high,204.8099323308264
2025-04-11 19:00:00+00:00,85.90425531914893,high,204.0491203007504
2025-04-11 20:00:00+00:00,88.03191489361703,high,187.8465789473664
2025-04-11 21:00:00+00:00,86.43617021276596,high,184.18478195488453
2025-04-11 22:00:00+00:00,85.1063829787234,high,169.60465413533797
2025-04-11 23:00:00+00:00,80.85106382978722,high,159.0054736842081
2025-04-12 00:00:00+00:00,77.92553191489363,high,144.45608270676786
2025-04-12 01:00:00+00:00,78.72340425531915,high,122.8697593984957
2025-04-12 02:00:00+00:00,71.80851063829788,high,96.29496992480959
2025-04-12 03:00:00+00:00,76.32978723404256,high,72.16466165413532
2025-04-12 04:00:00+00:00,84.04255319148936,high,54.58945112782019
2025-04-12 05:00:00+00:00,84.04255319148936,medium,49.43133082706498
2025-04-12 06:00:00+00:00,83.24468085106383,medium,50.256458646614576
2025-04-12 07:00:00+00:00,86.17021276595744,medium,42.923984962406514
2025-04-12 08:00:00+00:00,88.56382978723404,medium,31.252789473682018
2025-04-12 09:00:00+00:00,89.36170212765957,medium,29.43048120300603
2025-04-12 10:00:00+00:00,85.37234042553192,medium,8.520676691727095
2025-04-12 11:00:00+00:00,87.5,medium,-3.289127819550497
2025-04-12 12:00:00+00:00,88.59416445623343,medium,-8.03003007518946
2025-04-12 13:00:00+00:00,94.42970822281167,low,12.607082706766041
2025-04-12 14:00:00+00:00,96.28647214854111,low,32.64419548872088
2025-04-12 15:00:00+00:00,96.02122015915118,low,57.37974436089811
2025-04-12 16:00:00+00:00,95.75596816976127,low,75.2347593984948
2025-04-12 17:00:00+00:00,95.22546419098144,low,90.57301503759169
2025-04-12 18:00:00+00:00,96.28647214854111,low,106.15430075187797
2025-04-12 19:00:00+00:00,95.49071618037135,low,115.86759398496001
2025-04-12 20:00:00+00:00,95.22546419098144,low,130.6296315789467
2025-04-12 21:00:00+00:00,96.02122015915118,low,137.63245864661405
2025-04-12 22:00:00+00:00,94.42970822281167,low,134.43191729323192
2025-04-12 23:00:00+00:00,94.9602122015915,low,129.23745864661598
2025-04-13 00:00:00+00:00,93.36870026525199,low,127.41378947368322
2025-04-13 01:00:00+00:00,87.79840848806366,low,120.84581203007399
2025-04-13 02:00:00+00:00,87.0026525198939,low,115.60366165413281
2025-04-13 03:00:00+00:00,86.20689655172413,low,112.09806015037502
2025-04-13 04:00:00+00:00,74.27055702917772,medium,92.52313533834342
2025-04-13 05:00:00+00:00,74.0053050397878,medium,69.06536090225237
2025-04-13 06:00:00+00:00,79.57559681697613,medium,43.440045112780275
2025-04-13 07:00:00+00:00,77.45358090185677,medium,14.936796992480742
2025-04-13 08:00:00+00:00,80.10610079575596,medium,-6.542646616541084
2025-04-13 09:00:00+00:00,84.61538461538461,low,-15.732120300753458
2025-04-13 10:00:00+00:00,83.55437665782493,low,-23.085383458649392
2025-04-13 11:00:00+00:00,70.82228116710876,low,-29.63330827067691
2025-04-13 12:00:00+00:00,66.84350132625994,low,-41.972375939850515
2025-04-13 13:00:00+00:00,21.485411140583555,medium,-64.68736842105416
2025-04-13 14:00:00+00:00,29.708222811671085,medium,-72.00824812030281
2025-04-13 15:00:00+00:00,25.0,medium,-84.88166165413722
2025-04-13 16:00:00+00:00,39.73684210526316,medium,-81.67307518797303
2025-04-13 17:00:00+00:00,80.52631578947368,medium,-71.32554135338702
2025-04-13 18:00:00+00:00,63.94736842105263,medium,-60.91508270676798
2025-04-13 19:00:00+00:00,14.473684210526317,medium,-61.22221804511442
2025-04-13 20:00:00+00:00,10.526315789473683,medium,-63.002045112783584
2025-04-13 21:00:00+00:00,8.421052631578947,medium,-63.977586466165675
2025-04-13 22:00:00+00:00,6.578947368421052,medium,-65.66906766917475
2025-04-13 23:00:00+00:00,10.0,medium,-56.292473684211906
2025-04-14 00:00:00+00:00,14.736842105263156,medium,-49.145390977445004
2025-04-14 01:00:00+00:00,13.94736842105263,medium,-44.600548872180916
2025-04-14 02:00:00+00:00,26.31578947368421,medium,-25.114526315791746
2025-04-14 03:00:00+00:00,15.263157894736842,medium,-17.7263533834608
2025-04-14 04:00:00+00:00,22.36842105263158,medium,-2.2645263157915543
2025-04-14 05:00:00+00:00,13.421052631578947,medium,12.69245112781774
2025-04-14 06:00:00+00:00,9.210526315789473,medium,25.211263157891775
2025-04-14 07:00:00+00:00,11.842105263157894,medium,34.7066766917266
2025-04-14 08:00:00+00:00,14.473684210526317,medium,45.6259022556355
2025-04-14 09:00:00+00:00,12.105263157894736,medium,37.93639097744377
2025-04-14 10:00:00+00:00,32.89473684210527,medium,39.838744360901266
2025-04-14 11:00:00+00:00,37.631578947368425,medium,40.91499248120294
2025-04-14 12:00:00+00:00,35.0,medium,49.18651879698857
2025-04-14 13:00:00+00:00,13.157894736842104,medium,53.706917293231
2025-04-14 14:00:00+00:00,36.578947368421055,high,73.35993984962221
2025-04-14 15:00:00+00:00,8.947368421052632,high,61.25653383458669
2025-04-14 16:00:00+00:00,8.421052631578947,high,44.81354135338113
2025-04-14 17:00:00+00:00,14.736842105263156,high,36.19030075187776
2025-04-14 18:00:00+00:00,13.94736842105263,high,23.237150375938228
2025-04-14 19:00:00+00:00,15.263157894736842,high,13.56646616541241
2025-04-14 20:00:00+00:00,14.473684210526317,high,10.20454135338429
2025-04-14 21:00:00+00:00,13.94736842105263,high,2.268646616538828
2025-04-14 22:00:00+00:00,12.368421052631579,medium,5.0807142857120375
2025-04-14 23:00:00+00:00,12.631578947368421,medium,1.0906315789460994
2025-04-15 00:00:00+00:00,13.421052631578947,medium,6.695330827066864
2025-04-15 01:00:00+00:00,18.947368421052634,medium,8.321127819545453
2025-04-15 02:00:00+00:00,16.05263157894737,medium,13.665293233081426
2025-04-15 03:00:00+00:00,29.47368421052631,medium,19.510045112779597
2025-04-15 04:00:00+00:00,30.526315789473685,medium,28.611879699245495
2025-04-15 05:00:00+00:00,27.368421052631582,medium,32.3494511278185
2025-04-15 06:00:00+00:00,22.894736842105264,medium,35.604248120300255
2025-04-15 07:00:00+00:00,38.15789473684211,medium,46.67760150375819
2025-04-15 08:00:00+00:00,34.21052631578947,medium,61.64444360902012
2025-04-15 09:00:00+00:00,55.26315789473685,medium,65.6371654135326
2025-04-15 10:00:00+00:00,32.631578947368425,medium,78.72366165413358
2025-04-15 11:00:00+00:00,33.68421052631579,low,69.90819548872184
2025-04-15 12:00:00+00:00,41.31578947368421,low,65.95060902255427
2025-04-15 13:00:00+00:00,33.1578947368421,low,64.65568421052473
2025-04-15 14:00:00+00:00,21.578947368421055,low,57.967112781952245
2025-04-15 15:00:00+00:00,26.57894736842105,low,46.746127819546196
2025-04-15 16:00:00+00:00,22.63157894736842,low,33.746451127817764
2025-04-15 17:00:00+00:00,16.315789473684212,low,12.895556390977184
2025-04-15 18:00:00+00:00,14.210526315789473,low,-14.977533834589229
2025-04-15 19:00:00+00:00,12.894736842105264,low,-43.76876691729814
2025-04-15 20:00:00+00:00,13.421052631578947,low,-66.00665413533953
2025-04-15 21:00:00+00:00,18.947368421052634,low,-83.78076691729594
2025-04-15 22:00:00+00:00,13.94736842105263,low,-101.26052631579158
2025-04-15 23:00:00+00:00,14.473684210526317,low,-117.09868421052754
2025-04-16 00:00:00+00:00,13.421052631578947,low,-135.6956240601521
2025-04-16 01:00:00+00:00,25.526315789473685,low,-142.86927819549047
2025-04-16 02:00:00+00:00,25.0,low,-145.86528571428835
2025-04-16 03:00:00+00:00,25.263157894736842,low,-144.3995939849631
2025-04-16 04:00:00+00:00,22.105263157894736,low,-139.32915037594114
2025-04-16 05:00:00+00:00,20.526315789473685,low,-131.87659398496407
2025-04-16 06:00:00+00:00,24.736842105263158,low,-122.0009172932343
2025-04-16 07:00:00+00:00,17.63157894736842,low,-113.91049624060317
2025-04-16 08:00:00+00:00,20.0,low,-93.49555639097967
2025-04-16 09:00:00+00:00,15.0,low,-75.53867669173022
2025-04-16 10:00:00+00:00,18.947368421052634,low,-56.763533834589246
2025-04-16 11:00:00+00:00,19.736842105263158,low,-38.193736842105295
2025-04-16 12:00:00+00:00,17.36842105263158,low,-23.36926315789556
2025-04-16 13:00:00+00:00,17.322834645669293,low,-13.152796992483406
2025-04-16 14:00:00+00:00,24.93438320209974,medium,6.064984962403884
2025-04-16 15:00:00+00:00,20.99737532808399,medium,24.995872180449826
2025-04-16 16:00:00+00:00,21.522309711286088,medium,45.876082706766695
2025-04-16 17:00:00+00:00,11.548556430446194,high,42.45648120300813
2025-04-16 18:00:00+00:00,20.47244094488189,high,45.72100751879552
2025-04-16 19:00:00+00:00,30.971128608923888,high,49.97025563909468
2025-04-16 20:00:00+00:00,19.68503937007874,high,44.775894736839625
2025-04-16 21:00:00+00:00,30.971128608923888,high,49.179616541350875
2025-04-16 22:00:00+00:00,26.77165354330709,high,55.14544360902064
2025-04-16 23:00:00+00:00,21.25984251968504,high,50.89852631578956
2025-04-17 00:00:00+00:00,23.097112860892388,high,47.014218045112166
2025-04-17 01:00:00+00:00,23.62204724409449,high,40.47051127819441
2025-04-17 02:00:00+00:00,20.47244094488189,high,35.966909774436246
2025-04-17 03:00:00+00:00,20.47244094488189,high,22.103210526313323
2025-04-17 04:00:00+00:00,28.608923884514436,high,15.458669172930676
2025-04-17 05:00:00+00:00,45.14435695538058,high,9.432060150373848
2025-04-17 06:00:00+00:00,53.018372703412076,high,12.998037593985769
2025-04-17 07:00:00+00:00,53.018372703412076,high,15.579924812029056
2025-04-17 08:00:00+00:00,39.89501312335958,high,9.435278195487863
2025-04-17 09:00:00+00:00,45.14435695538058,high,2.373067669172081
2025-04-17 10:00:00+00:00,39.63254593175853,medium,6.487624060148429
2025-04-17 11:00:00+00:00,44.35695538057743,medium,17.39362406014939
2025-04-17 12:00:00+00:00,54.712041884816756,medium,34.973563909774825
2025-04-17 13:00:00+00:00,42.40837696335078,low,20.760142857138757
2025-04-17 14:00:00+00:00,24.345549738219894,low,11.030150375938973
2025-04-17 15:00:00+00:00,49.73821989528796,low,12.36676691729205
2025-04-17 16:00:00+00:00,77.4869109947644,low,18.552774436088328
2025-04-17 17:00:00+00:00,81.15183246073299,low,30.21193233082536
2025-04-17 18:00:00+00:00,75.39267015706807,low,36.698022556387535
2025-04-17 19:00:00+00:00,58.63874345549738,low,35.00970676691607
2025-04-17 20:00:00+00:00,72.5130890052356,low,39.08268421052401
2025-04-17 21:00:00+00:00,73.29842931937172,low,42.66377443608876
2025-04-17 22:00:00+00:00,51.57068062827225,low,39.24504511278059
2025-04-17 23:00:00+00:00,64.65968586387434,low,34.007045112780766
2025-04-18 00:00:00+00:00,46.596858638743456,low,27.973766917292952
2025-04-18 01:00:00+00:00,57.06806282722513,low,26.253631578943622
2025-04-18 02:00:00+00:00,66.49214659685863,low,29.22936842105088
2025-04-18 03:00:00+00:00,71.98952879581152,low,29.539969924810265
2025-04-18 04:00:00+00:00,76.70157068062828,low,23.722157894735044
2025-04-18 05:00:00+00:00,77.74869109947645,low,19.095902255634986
2025-04-18 06:00:00+00:00,78.27225130890052,low,12.308894736840045
2025-04-18 07:00:00+00:00,81.67539267015707,low,6.967887218042631
2025-04-18 08:00:00+00:00,83.7696335078534,low,4.76115789473391
2025-04-18 09:00:00+00:00,84.81675392670157,low,-3.4083458646642506
2025-04-18 10:00:00+00:00,80.6282722513089,low,-18.211030075190575
2025-04-18 11:00:00+00:00,85.07853403141361,low,-24.533842105263584
2025-04-18 12:00:00+00:00,86.12565445026178,low,-25.04718045112933
2025-04-18 13:00:00+00:00,84.55497382198953,low,-23.44033082707017
2025-04-18 14:00:00+00:00,83.24607329842932,low,-24.14473684210629
2025-04-18 15:00:00+00:00,78.79581151832461,low,-28.151962406016164
2025-04-18 16:00:00+00:00,80.10471204188482,low,-25.372909774437183
2025-04-18 17:00:00+00:00,85.34031413612566,low,-21.490127819551365
2025-04-18 18:00:00+00:00,83.7696335078534,low,-21.623639097745805
2025-04-18 19:00:00+00:00,82.72251308900523,low,-18.779909774437726
2025-04-18 20:00:00+00:00,84.03141361256544,low,-18.032834586467217
2025-04-18 21:00:00+00:00,85.34031413612566,low,-13.676759398499213
2025-04-18 22:00:00+00:00,78.53403141361257,low,-10.886909774438866
2025-04-18 23:00:00+00:00,81.15183246073299,low,-9.161699248125007
2025-04-19 00:00:00+00:00,80.89005235602095,low,-10.042390977446951
2025-04-19 01:00:00+00:00,83.7696335078534,low,-7.922368421055886
2025-04-19 02:00:00+00:00,86.91099476439791,low,-2.2759398496244576
2025-04-19 03:00:00+00:00,87.95811518324608,low,3.6187443608988756
2025-04-19 04:00:00+00:00,89.00523560209425,low,11.026954887214764
2025-04-19 05:00:00+00:00,88.7434554973822,low,17.14774436090226
2025-04-19 06:00:00+00:00,85.86387434554975,low,19.776037593984505
2025-04-19 07:00:00+00:00,89.26701570680629,low,28.356503759399516
2025-04-19 08:00:00+00:00,89.79057591623037,low,37.087563909772996
2025-04-19 09:00:00+00:00,86.64921465968587,low,43.86859398496132
2025-04-19 10:00:00+00:00,84.55497382198953,low,48.5921954887212
2025-04-19 11:00:00+00:00,85.6020942408377,low,48.554533834583175
2025-04-19 12:00:00+00:00,82.19895287958116,low,49.99888721804205
2025-04-19 13:00:00+00:00,87.17277486910994,low,54.225398496240395
2025-04-19 14:00:00+00:00,85.86387434554975,low,56.988037593982924
2025-04-19 15:00:00+00:00,87.43455497382199,low,54.497225563909836
2025-04-19 16:00:00+00:00,84.55497382198953,low,45.45485714285349
2025-04-19 17:00:00+00:00,90.0523560209424,low,43.152977443608414
2025-04-19 18:00:00+00:00,90.0523560209424,low,36.979593984959834
2025-04-19 19:00:00+00:00,89.79057591623037,low,28.28619548872076
2025-04-19 20:00:00+00:00,90.83769633507853,low,19.64960902255519
2025-04-19 21:00:00+00:00,91.8848167539267,low,13.619601503757064
2025-04-19 22:00:00+00:00,92.40837696335078,low,9.072203007518093
2025-04-19 23:00:00+00:00,91.09947643979058,low,2.7457368421028727
2025-04-20 00:00:00+00:00,87.95811518324608,low,-0.3897443609034528
2025-04-20 01:00:00+00:00,92.14659685863874,low,-0.6539849624088376
2025-04-20 02:00:00+00:00,90.0523560209424,low,-5.112977443611287
2025-04-20 03:00:00+00:00,91.62303664921467,low,-6.188721804513096
2025-04-20 04:00:00+00:00,95.02617801047121,low,-5.470270676693223
2025-04-20 05:00:00+00:00,92.93193717277487,low,-5.681082706769218
2025-04-20 06:00:00+00:00,90.83769633507853,low,-8.66681203007888
2025-04-20 07:00:00+00:00,81.67539267015707,low,-14.173015037595007
2025-04-20 08:00:00+00:00,71.20418848167539,low,-19.74845112781877
2025-04-20 09:00:00+00:00,70.68062827225131,low,-22.926496240602333
2025-04-20 10:00:00+00:00,54.18848167539267,low,-30.87051127819684
2025-04-20 11:00:00+00:00,57.59162303664922,low,-41.27285714285995
2025-04-20 12:00:00+00:00,58.90052356020943,low,-52.16307518797095
2025-04-20 13:00:00+00:00,63.089005235602095,low,-56.82932330827317
2025-04-20 14:00:00+00:00,67.5392670157068,low,-57.16730827068074
2025-04-20 15:00:00+00:00,60.994764397905755,low,-61.68005263157958
2025-04-20 16:00:00+00:00,74.3455497382199,low,-59.63066917293398
2025-04-20 17:00:00+00:00,71.46596858638743,low,-54.738962406015744
2025-04-20 18:00:00+00:00,69.3717277486911,low,-50.02603007518834
2025-04-20 19:00:00+00:00,75.6544502617801,low,-46.119804511278865
2025-04-20 20:00:00+00:00,76.96335078534031,low,-33.33778195488747
2025-04-20 21:00:00+00:00,76.43979057591623,low,-19.78260902255675
2025-04-20 22:00:00+00:00,64.13612565445025,low,-9.72515037594297
2025-04-20 23:00:00+00:00,74.08376963350786,low,4.924285714283342
2025-04-21 00:00:00+00:00,88.7434554973822,medium,40.479150375939284
2025-04-21 01:00:00+00:00,90.31413612565446,medium,81.87681203007176
2025-04-21 02:00:00+00:00,87.17277486910994,medium,118.67092481202906
2025-04-21 03:00:00+00:00,86.12565445026178,medium,147.09410526315574
2025-04-21 04:00:00+00:00,88.7434554973822,medium,171.79699248120085
2025-04-21 05:00:00+00:00,92.40837696335078,medium,193.75649624060057
2025-04-21 06:00:00+00:00,90.83769633507853,medium,205.0061052631569
2025-04-21 07:00:00+00:00,90.31413612565446,medium,209.1386842105249
2025-04-21 08:00:00+00:00,91.36125654450262,medium,213.94489473684015
2025-04-21 09:00:00+00:00,88.7434554973822,medium,212.37805263157412
2025-04-21 10:00:00+00:00,89.79057591623037,medium,208.5045112781951
2025-04-21 11:00:00+00:00,84.03141361256544,medium,190.72335338345817
2025-04-21 12:00:00+00:00,86.38743455497382,medium,174.04215037593966
2025-04-21 13:00:00+00:00,81.15183246073299,medium,153.19875939849516
2025-04-21 14:00:00+00:00,89.26701570680629,medium,145.47183458646535
2025-04-21 15:00:00+00:00,86.12565445026178,medium,131.11439849624006
2025-04-21 16:00:00+00:00,60.47120418848168,high,106.772022556389
2025-04-21 17:00:00+00:00,56.54450261780105,high,72.77167669172832
2025-04-21 18:00:00+00:00,48.42931937172775,high,32.38717293232848
2025-04-21 19:00:00+00:00,62.04188481675392,high,3.482766917290183
2025-04-21 20:00:00+00:00,60.20942408376963,medium,-6.619308270677632
2025-04-21 21:00:00+00:00,53.92670157068062,medium,-8.627225563909441
2025-04-21 22:00:00+00:00,45.54973821989529,medium,-11.236345864664347
2025-04-21 23:00:00+00:00,44.24083769633508,medium,-10.8791052631602
2025-04-22 00:00:00+00:00,35.07853403141361,medium,-5.924406015038615
2025-04-22 01:00:00+00:00,65.18324607329843,medium,11.490203007516808
2025-04-22 02:00:00+00:00,49.21465968586388,medium,23.88309022556082
2025-04-22 03:00:00+00:00,50.26178010471204,medium,33.76285714285316
2025-04-22 04:00:00+00:00,39.26701570680628,medium,43.240007518795586
2025-04-22 05:00:00+00:00,34.29319371727749,medium,55.92187218045012
2025-04-22 06:00:00+00:00,23.56020942408377,medium,62.56279699248121
2025-04-22 07:00:00+00:00,58.1151832460733,medium,65.20797744360534
2025-04-22 08:00:00+00:00,49.47643979057592,medium,65.75185714285506
2025-04-22 09:00:00+00:00,47.12041884816754,medium,66.34530827067329
2025-04-22 10:00:00+00:00,51.047120418848166,medium,82.38342857142726
2025-04-22 11:00:00+00:00,60.73298429319372,medium,96.81384962405946
2025-04-22 12:00:00+00:00,71.46596858638743,low,102.09401503759025
2025-04-22 13:00:00+00:00,77.22513089005236,medium,117.20372180450977
2025-04-22 14:00:00+00:00,86.12565445026178,medium,134.2752255639104
2025-04-22 15:00:00+00:00,87.69633507853402,medium,157.19849624060026
2025-04-22 16:00:00+00:00,86.38743455497382,medium,170.3484661654117
2025-04-22 17:00:00+00:00,85.86387434554975,medium,187.39022556390967
2025-04-22 18:00:00+00:00,88.48167539267016,medium,198.09257142856984
2025-04-22 19:00:00+00:00,87.43455497382199,medium,206.4917293233068
2025-04-22 20:00:00+00:00,86.12565445026178,medium,207.75597744360576
2025-04-22 21:00:00+00:00,93.717277486911,high,242.348609022555
2025-04-22 22:00:00+00:00,92.67015706806284,high,262.6939022556367
2025-04-22 23:00:00+00:00,93.717277486911,high,285.2951203007506
2025-04-23 00:00:00+00:00,93.45549738219894,high,290.5573609022534
2025-04-23 01:00:00+00:00,91.62303664921467,high,290.15108270676666
2025-04-23 02:00:00+00:00,94.76439790575915,high,284.33740601503536
2025-04-23 03:00:00+00:00,95.54973821989529,high,279.4980225563897
2025-04-23 04:00:00+00:00,95.81151832460732,high,273.7171804511263
2025-04-23 05:00:00+00:00,95.54973821989529,high,259.8860075187945
2025-04-23 06:00:00+00:00,96.07329842931938,high,239.8616766917265
2025-04-23 07:00:00+00:00,95.81151832460732,high,220.95573684210396
2025-04-23 08:00:00+00:00,95.81151832460732,high,201.89736090225279
2025-04-23 09:00:00+00:00,96.07329842931938,high,188.83884962405696
2025-04-23 10:00:00+00:00,95.81151832460732,high,177.10739097744306
2025-04-23 11:00:00+00:00,95.28795811518324,high,159.11663909774228
2025-04-23 12:00:00+00:00,96.07329842931938,high,136.98145112781606
2025-04-23 13:00:00+00:00,93.717277486911,high,111.50402255639081
2025-04-23 14:00:00+00:00,94.24083769633508,high,84.14796240601277
2025-04-23 15:00:00+00:00,92.67015706806284,high,56.864691729320924
2025-04-23 16:00:00+00:00,90.57591623036649,high,28.4966766917261
2025-04-23 17:00:00+00:00,91.8848167539267,medium,30.37948872180117
2025-04-23 18:00:00+00:00,90.57591623036649,medium,23.063293233080042
2025-04-23 19:00:00+00:00,85.6020942408377,medium,23.1051503759379
2025-04-23 20:00:00+00:00,88.48167539267016,low,16.473699248118166
2025-04-23 21:00:00+00:00,86.91099476439791,low,2.4600601503754165
2025-04-23 22:00:00+00:00,90.31413612565446,low,-4.860135338346385
2025-04-23 23:00:00+00:00,89.52879581151832,low,-10.242729323310055
2025-04-24 00:00:00+00:00,87.95811518324608,low,-13.33133834586701
2025-04-24 01:00:00+00:00,87.43455497382199,low,-17.032120300753252
2025-04-24 02:00:00+00:00,73.82198952879581,low,-23.927383458646883
2025-04-24 03:00:00+00:00,47.12041884816754,low,-28.149736842106012
2025-04-24 04:00:00+00:00,62.82722513089005,low,-26.739661654137194
2025-04-24 05:00:00+00:00,69.10994764397905,low,-31.716075187970123
2025-04-24 06:00:00+00:00,57.32984293193717,low,-39.667368421054476
2025-04-24 07:00:00+00:00,38.481675392670155,low,-52.63177443609205
2025-04-24 08:00:00+00:00,27.486910994764397,low,-62.161661654140694
2025-04-24 09:00:00+00:00,36.12565445026178,low,-73.78450375939799
2025-04-24 10:00:00+00:00,41.361256544502616,low,-84.79900751880179
2025-04-24 11:00:00+00:00,44.76439790575916,low,-90.21207518797165
2025-04-24 12:00:00+00:00,48.167539267015705,low,-85.46303007519214
2025-04-24 13:00:00+00:00,53.403141361256544,low,-74.90284962406062
2025-04-24 14:00:00+00:00,73.36814621409921,low,-62.921616541353714
2025-04-24 15:00:00+00:00,77.28459530026109,low,-50.66381954887288
2025-04-24 16:00:00+00:00,83.28981723237598,low,-33.666857142859314
2025-04-24 17:00:00+00:00,60.574412532637076,low,-23.450240601505513
2025-04-24 18:00:00+00:00,70.49608355091384,low,-2.4421879699252873
2025-04-24 19:00:00+00:00,72.58485639686684,low,20.133796992479486
2025-04-24 20:00:00+00:00,77.28459530026109,low,35.27754135338222
2025-04-24 21:00:00+00:00,79.63446475195822,low,51.926864661652935
2025-04-24 22:00:00+00:00,79.63446475195822,low,63.715218045109225
2025-04-24 23:00:00+00:00,83.81201044386422,low,76.15840601503655
2025-04-25 00:00:00+00:00,85.11749347258485,low,86.58224060150307
2025-04-25 01:00:00+00:00,83.81201044386422,low,89.47589473683882
2025-04-25 02:00:00+00:00,61.61879895561357,low,77.94882706766776
2025-04-25 03:00:00+00:00,75.19582245430809,low,67.15505263157786
2025-04-25 04:00:00+00:00,76.50130548302873,low,48.14315037593902
2025-04-25 05:00:00+00:00,85.11749347258485,low,36.92254135338129
2025-04-25 06:00:00+00:00,92.95039164490862,low,30.516872180447255
2025-04-25 07:00:00+00:00,94.25587467362925,low,27.06255639097445
2025-04-25 08:00:00+00:00,92.42819843342036,low,23.041729323302953
2025-04-25 09:00:00+00:00,93.47258485639686,low,20.189375939847906
2025-04-25 10:00:00+00:00,90.86161879895562,low,17.771022556389568
2025-04-25 11:00:00+00:00,94.51697127937337,medium,30.45135338345597
2025-04-25 12:00:00+00:00,90.86161879895562,medium,40.12373684210257
2025-04-25 13:00:00+00:00,89.81723237597912,medium,42.65210526315631
2025-04-25 14:00:00+00:00,95.30026109660574,medium,62.742481203005966
2025-04-25 15:00:00+00:00,92.68929503916449,medium,78.2416541353357
2025-04-25 16:00:00+00:00,93.47258485639686,medium,91.1877067669158
2025-04-25 17:00:00+00:00,85.11749347258485,medium,90.85073684210246
2025-04-25 18:00:00+00:00,89.03394255874673,medium,96.24020300751737
2025-04-25 19:00:00+00:00,88.77284595300262,medium,112.6177142857104
2025-04-25 20:00:00+00:00,88.51174934725849,medium,119.67475939849493
2025-04-25 21:00:00+00:00,80.15665796344648,medium,118.09687969924576
2025-04-25 22:00:00+00:00,90.60052219321149,medium,107.73852631578649
2025-04-25 23:00:00+00:00,87.46736292428199,medium,96.61256390977204
2025-04-26 00:00:00+00:00,94.7780678851175,medium,82.94993984962262
2025-04-26 01:00:00+00:00,96.60574412532638,medium,70.76791729323071
2025-04-26 02:00:00+00:00,96.60574412532638,medium,60.92317293232679
2025-04-26 03:00:00+00:00,96.08355091383812,medium,48.86334586465935
2025-04-26 04:00:00+00:00,93.47258485639686,medium,30.991706766916412
2025-04-26 05:00:00+00:00,94.51697127937337,medium,15.263503759396952
2025-04-26 06:00:00+00:00,96.08355091383812,medium,-4.506390977445894
2025-04-26 07:00:00+00:00,94.7780678851175,medium,-10.817819548874041
2025-04-26 08:00:00+00:00,90.07832898172323,medium,-24.08292481203254
2025-04-26 09:00:00+00:00,87.46736292428199,medium,-38.04862406015104
2025-04-26 10:00:00+00:00,89.81723237597912,low,-37.52655639097861
2025-04-26 11:00:00+00:00,60.835509138381205,low,-41.033714285715156
2025-04-26 12:00:00+00:00,69.79166666666666,low,-39.1396165413537
2025-04-26 13:00:00+00:00,61.197916666666664,low,-48.14619548872449
2025-04-26 14:00:00+00:00,66.66666666666666,low,-48.30154887218413
2025-04-26 15:00:00+00:00,81.51041666666666,low,-40.38960902255738
2025-04-26 16:00:00+00:00,71.875,low,-38.98487969924944
2025-04-26 17:00:00+00:00,74.47916666666666,low,-40.39642857142912
2025-04-26 18:00:00+00:00,67.96875,low,-39.874300751882565
2025-04-26 19:00:00+00:00,77.34375,low,-39.460541353384485
2025-04-26 20:00:00+00:00,66.92708333333334,low,-37.87755639098081
2025-04-26 21:00:00+00:00,72.39583333333334,low,-29.17573684211026
2025-04-26 22:00:00+00:00,81.51041666666666,low,-13.599706766917594
2025-04-26 23:00:00+00:00,82.8125,low,-3.999067669174836
2025-04-27 00:00:00+00:00,85.41666666666666,low,6.0219999999974965
2025-04-27 01:00:00+00:00,18.489583333333336,low,6.206413533833775
2025-04-27 02:00:00+00:00,31.25,low,10.479270676691634
2025-04-27 03:00:00+00:00,38.28125,low,11.521646616540869
2025-04-27 04:00:00+00:00,19.791666666666664,low,7.174375939847745
2025-04-27 05:00:00+00:00,16.40625,low,1.356458646613955
2025-04-27 06:00:00+00:00,16.145833333333336,low,-3.698233082708146
2025-04-27 07:00:00+00:00,20.833333333333336,low,-8.773075187971795
2025-04-27 08:00:00+00:00,22.916666666666664,low,-10.17207518797177
2025-04-27 09:00:00+00:00,25.0,low,-13.64181203007776
2025-04-27 10:00:00+00:00,25.260416666666668,low,-17.21189473684139
2025-04-27 11:00:00+00:00,21.09375,low,-20.306458646619742
2025-04-27 12:00:00+00:00,14.0625,low,-26.727421052632454
2025-04-27 13:00:00+00:00,16.145833333333336,low,-27.200443609026422
2025-04-27 14:00:00+00:00,15.885416666666666,low,-30.906466165415644
2025-04-27 15:00:00+00:00,15.104166666666666,low,-33.15787969925015
2025-04-27 16:00:00+00:00,11.197916666666668,low,-38.554857142858594
2025-04-27 17:00:00+00:00,15.104166666666666,low,-37.092000000001484
2025-04-27 18:00:00+00:00,18.229166666666664,low,-24.94796240601857
2025-04-27 19:00:00+00:00,19.270833333333336,low,-12.400864661657206
2025-04-27 20:00:00+00:00,13.020833333333334,low,1.793639097741372
2025-04-27 21:00:00+00:00,16.927083333333336,low,5.987285714283986
2025-04-27 22:00:00+00:00,12.239583333333332,low,7.915067669171029
2025-04-27 23:00:00+00:00,9.895833333333332,low,4.74119548871997
2025-04-28 00:00:00+00:00,9.635416666666668,low,-4.769233082710669
2025-04-28 01:00:00+00:00,6.770833333333333,low,-21.524654135341518
2025-04-28 02:00:00+00:00,10.677083333333332,low,-25.76747368421105
2025-04-28 03:00:00+00:00,13.28125,low,-25.36554135338565
2025-04-28 04:00:00+00:00,17.1875,low,-19.81798496240589
2025-04-28 05:00:00+00:00,19.791666666666664,low,-12.01116541353503
2025-04-28 06:00:00+00:00,38.54166666666667,low,-0.8404360902261757
2025-04-28 07:00:00+00:00,57.552083333333336,low,8.973398496238866
2025-04-28 08:00:00+00:00,62.239583333333336,low,14.900759398493939
2025-04-28 09:00:00+00:00,60.15625,low,24.969240601500882
2025-04-28 10:00:00+00:00,72.39583333333334,low,37.44099248120319
2025-04-28 11:00:00+00:00,67.70833333333334,low,50.660278195486214
2025-04-28 12:00:00+00:00,53.125,low,61.88033082706537
2025-04-28 13:00:00+00:00,22.65625,medium,53.66324812030362
2025-04-28 14:00:00+00:00,21.875,medium,55.866045112781336
2025-04-28 15:00:00+00:00,13.541666666666666,medium,51.83527067668949
2025-04-28 16:00:00+00:00,22.135416666666664,medium,44.559842105261275
2025-04-28 17:00:00+00:00,44.27083333333333,medium,44.37487969924464
2025-04-28 18:00:00+00:00,46.35416666666667,medium,39.473511278194096
2025-04-28 19:00:00+00:00,62.239583333333336,medium,39.945511278193145
2025-04-28 20:00:00+00:00,55.989583333333336,medium,29.11956390977355
2025-04-28 21:00:00+00:00,59.114583333333336,medium,10.442526315788273
2025-04-28 22:00:00+00:00,66.14583333333334,medium,3.6723609022541863
2025-04-28 23:00:00+00:00,67.96875,medium,1.6013458646607146
2025-04-29 00:00:00+00:00,77.86458333333334,medium,1.5023308270645983
2025-04-29 01:00:00+00:00,74.21875,medium,-0.14675939849963454
2025-04-29 02:00:00+00:00,73.95833333333334,medium,-0.522842105265799
2025-04-29 03:00:00+00:00,79.6875,medium,1.3820075187958316
2025-04-29 04:00:00+00:00,61.458333333333336,medium,-0.8063759398511596
2025-04-29 05:00:00+00:00,69.01041666666666,medium,-3.045398496239891
2025-04-29 06:00:00+00:00,82.8125,medium,7.683661654135188
2025-04-29 07:00:00+00:00,87.23958333333334,medium,24.893736842102967
2025-04-29 08:00:00+00:00,83.85416666666666,medium,44.79920300751477
2025-04-29 09:00:00+00:00,74.73958333333334,low,42.73693233082419
2025-04-29 10:00:00+00:00,48.17708333333333,low,43.816187969923966
2025-04-29 11:00:00+00:00,56.510416666666664,low,39.53317293232816
2025-04-29 12:00:00+00:00,36.19791666666667,low,27.207503759396523
2025-04-29 13:00:00+00:00,50.520833333333336,low,18.856030075186972
2025-04-29 14:00:00+00:00,67.1875,low,14.084458646612774
2025-04-29 15:00:00+00:00,56.770833333333336,low,14.840248120300734
2025-04-29 16:00:00+00:00,52.34375,low,12.093203007515369
2025-04-29 17:00:00+00:00,56.25,low,13.836481203003842
2025-04-29 18:00:00+00:00,59.895833333333336,low,20.937827067670298
2025-04-29 19:00:00+00:00,49.47916666666667,low,29.055578947366737
2025-04-29 20:00:00+00:00,39.84375,low,30.9994511278165
2025-04-29 21:00:00+00:00,21.614583333333336,low,28.52150375939724
2025-04-29 22:00:00+00:00,14.583333333333334,low,14.23742105262689
2025-04-29 23:00:00+00:00,16.666666666666664,low,2.643977443607227
2025-04-30 00:00:00+00:00,20.572916666666664,low,-9.025353383460581
2025-04-30 01:00:00+00:00,15.364583333333334,low,-22.47100751879949
2025-04-30 02:00:00+00:00,17.708333333333336,low,-26.712022556393894
2025-04-30 03:00:00+00:00,22.395833333333336,low,-22.989142857146117
2025-04-30 04:00:00+00:00,29.166666666666668,low,-17.35196240601719
2025-04-30 05:00:00+00:00,24.739583333333336,low,-14.691375939852664
2025-04-30 06:00:00+00:00,23.958333333333336,low,-16.63138345865051
2025-04-30 07:00:00+00:00,17.708333333333336,low,-15.411631578949653
2025-04-30 08:00:00+00:00,20.052083333333336,low,-17.037360902257216
2025-04-30 09:00:00+00:00,44.01041666666667,low,-15.130037593985792
2025-04-30 10:00:00+00:00,46.875,low,-10.011977443611409
2025-04-30 11:00:00+00:00,51.041666666666664,low,-4.586007518794665
2025-04-30 12:00:00+00:00,22.857142857142858,low,-6.767180451129156
2025-04-30 13:00:00+00:00,9.090909090909092,medium,-25.742150375942057
2025-04-30 14:00:00+00:00,15.584415584415584,medium,-29.279045112781045
2025-04-30 15:00:00+00:00,17.402597402597404,medium,-27.42931578947872
2025-04-30 16:00:00+00:00,19.22077922077922,medium,-31.840413533837697
2025-04-30 17:00:00+00:00,24.675324675324674,medium,-34.24428571428679
2025-04-30 18:00:00+00:00,24.935064935064936,medium,-45.040714285714714
2025-04-30 19:00:00+00:00,26.49350649350649,medium,-53.184030075188815
2025-04-30 20:00:00+00:00,32.20779220779221,medium,-50.820120300754304
2025-04-30 21:00:00+00:00,27.01298701298701,medium,-50.72799248120341
2025-04-30 22:00:00+00:00,29.09090909090909,medium,-53.02468421052752
2025-04-30 23:00:00+00:00,35.58441558441559,medium,-47.52830827067712
2025-05-01 00:00:00+00:00,48.83116883116883,medium,-37.0562030075222
2025-05-01 01:00:00+00:00,55.58441558441558,medium,-24.84532330827249
2025-05-01 02:00:00+00:00,42.59740259740259,medium,-11.190218045112147
2025-05-01 03:00:00+00:00,32.98701298701299,medium,-0.9894586466182361
2025-05-01 04:00:00+00:00,41.03896103896104,medium,11.615857142856063
2025-05-01 05:00:00+00:00,54.285714285714285,medium,32.08983458646379
2025-05-01 06:00:00+00:00,53.246753246753244,medium,48.22375187969526
2025-05-01 07:00:00+00:00,65.45454545454545,medium,70.03518045112692
2025-05-01 08:00:00+00:00,78.44155844155844,medium,84.90475939849509
2025-05-01 09:00:00+00:00,82.85714285714286,low,79.1787819548868
2025-05-01 10:00:00+00:00,90.12987012987013,low,89.58605263157686
2025-05-01 11:00:00+00:00,90.64935064935065,low,101.17561654135338
2025-05-01 12:00:00+00:00,89.6103896103896,low,111.23299999999783
2025-05-01 13:00:00+00:00,65.71428571428571,low,112.11162406014762
2025-05-01 14:00:00+00:00,89.87012987012987,medium,124.61996240601289
2025-05-01 15:00:00+00:00,79.74025974025975,medium,134.5339849624046
2025-05-01 16:00:00+00:00,80.0,low,148.946473684209
2025-05-01 17:00:00+00:00,76.62337662337663,low,154.46759398495956
2025-05-01 18:00:00+00:00,79.22077922077922,low,152.67888721804283
2025-05-01 19:00:00+00:00,76.1038961038961,medium,142.71457142856912
2025-05-01 20:00:00+00:00,77.92207792207793,medium,131.2528947368399
2025-05-01 21:00:00+00:00,80.51948051948052,medium,121.23733082706681
2025-05-01 22:00:00+00:00,75.06493506493507,medium,110.80198496240448
2025-05-01 23:00:00+00:00,69.0909090909091,medium,98.44349624059896
2025-05-02 00:00:00+00:00,76.62337662337663,medium,92.64863909774137
2025-05-02 01:00:00+00:00,73.76623376623377,medium,87.07385714285486
2025-05-02 02:00:00+00:00,78.18181818181819,medium,74.41278195488586
2025-05-02 03:00:00+00:00,69.0909090909091,medium,62.950496240600515
2025-05-02 04:00:00+00:00,55.84415584415584,medium,48.955142857141226
2025-05-02 05:00:00+00:00,53.76623376623376,medium,33.94772180450986
2025-05-02 06:00:00+00:00,50.90909090909091,low,27.494481203005414
2025-05-02 07:00:00+00:00,37.142857142857146,low,15.179601503759963
2025-05-02 08:00:00+00:00,57.92207792207792,medium,9.748037593982877
2025-05-02 09:00:00+00:00,49.35064935064935,low,-5.543796992483117
2025-05-02 10:00:00+00:00,40.25974025974026,low,-1.7765112781970194
2025-05-02 11:00:00+00:00,43.896103896103895,low,2.901240601502923
2025-05-02 12:00:00+00:00,57.4025974025974,low,13.502255639094754
2025-05-02 13:00:00+00:00,49.35064935064935,low,14.613270676688028
2025-05-02 14:00:00+00:00,68.05194805194805,low,30.895142857139582
2025-05-02 15:00:00+00:00,54.02597402597402,low,34.41327067668906
2025-05-02 16:00:00+00:00,57.66233766233766,low,35.16078195488694
2025-05-02 17:00:00+00:00,51.42857142857142,low,36.15747368420938
2025-05-02 18:00:00+00:00,44.15584415584416,low,30.979676691727818
2025-05-02 19:00:00+00:00,26.49350649350649,low,22.932112781953197
2025-05-02 20:00:00+00:00,40.0,low,24.3651052631531
2025-05-02 21:00:00+00:00,32.467532467532465,low,20.451466165414185
2025-05-02 22:00:00+00:00,34.54545454545455,low,15.52285714285516
2025-05-02 23:00:00+00:00,40.0,low,16.816917293230137
2025-05-03 00:00:00+00:00,27.532467532467532,low,13.202398496240852
2025-05-03 01:00:00+00:00,18.441558441558442,low,3.3295413533809786
2025-05-03 02:00:00+00:00,24.155844155844157,low,-5.539037593987658
2025-05-03 03:00:00+00:00,23.636363636363637,low,-22.69799999999969
2025-05-03 04:00:00+00:00,24.415584415584416,low,-32.725646616543784
2025-05-03 05:00:00+00:00,23.376623376623375,low,-44.65698496240872
2025-05-03 06:00:00+00:00,20.77922077922078,low,-55.05626315789759
2025-05-03 07:00:00+00:00,16.883116883116884,low,-61.76096240601893
2025-05-03 08:00:00+00:00,15.584415584415584,low,-64.14579699248178
2025-05-03 09:00:00+00:00,14.805194805194805,low,-72.04130827067908
2025-05-03 10:00:00+00:00,10.649350649350648,low,-68.84947368421152
2025-05-03 11:00:00+00:00,8.311688311688311,low,-68.8258571428594
2025-05-03 12:00:00+00:00,10.649350649350648,low,-63.87409022556558
2025-05-03 13:00:00+00:00,10.909090909090908,low,-53.23087969925101
2025-05-03 14:00:00+00:00,9.61038961038961,low,-43.903007518799534
2025-05-03 15:00:00+00:00,11.688311688311687,low,-36.744458646619
2025-05-03 16:00:00+00:00,8.311688311688311,low,-30.180909774438838
2025-05-03 17:00:00+00:00,9.090909090909092,low,-27.422007518801184
2025-05-03 18:00:00+00:00,7.792207792207792,low,-25.712924812033517
2025-05-03 19:00:00+00:00,11.168831168831169,low,-16.526834586467775
2025-05-03 20:00:00+00:00,11.688311688311687,low,-9.673706766921226
2025-05-03 21:00:00+00:00,11.428571428571429,low,-6.614315789477904
2025-05-03 22:00:00+00:00,11.168831168831169,low,-3.9589097744396686
2025-05-03 23:00:00+00:00,8.571428571428571,low,-8.334323308273175
2025-05-04 00:00:00+00:00,9.090909090909092,low,-8.769300751882207
2025-05-04 01:00:00+00:00,9.87012987012987,low,-6.725406015040556
2025-05-04 02:00:00+00:00,9.35064935064935,low,-10.860142857144208
2025-05-04 03:00:00+00:00,8.311688311688311,low,-14.788661654136984
2025-05-04 04:00:00+00:00,7.792207792207792,low,-18.425353383461555
2025-05-04 05:00:00+00:00,9.61038961038961,low,-17.121466165414386
2025-05-04 06:00:00+00:00,8.571428571428571,low,-23.101601503763145
2025-05-04 07:00:00+00:00,8.831168831168831,low,-28.744751879700797
2025-05-04 08:00:00+00:00,8.051948051948052,low,-34.802353383459696
2025-05-04 09:00:00+00:00,8.051948051948052,low,-39.157293233086065
2025-05-04 10:00:00+00:00,8.831168831168831,low,-42.64481203007877
2025-05-04 11:00:00+00:00,9.35064935064935,low,-43.73747368421441
2025-05-04 12:00:00+00:00,9.61038961038961,low,-45.984984962407964
2025-05-04 13:00:00+00:00,9.090909090909092,low,-48.803203007521134
2025-05-04 14:00:00+00:00,10.38961038961039,low,-47.63592481203056
2025-05-04 15:00:00+00:00,8.831168831168831,low,-44.43837593985076
2025-05-04 16:00:00+00:00,9.090909090909092,low,-41.91400751879751
2025-05-04 17:00:00+00:00,9.067357512953368,low,-38.093533834587305
2025-05-04 18:00:00+00:00,7.772020725388601,low,-34.8014812030094
2025-05-04 19:00:00+00:00,8.290155440414509,low,-32.50321804511488
2025-05-04 20:00:00+00:00,11.139896373056994,low,-27.466375939849975
2025-05-04 21:00:00+00:00,12.953367875647666,low,-19.358323308271103
2025-05-04 22:00:00+00:00,9.844559585492227,low,-23.322593984963447
2025-05-04 23:00:00+00:00,9.585492227979273,low,-39.199593984965624
2025-05-05 00:00:00+00:00,12.953367875647666,low,-46.473872180453014
2025-05-05 01:00:00+00:00,8.808290155440414,low,-58.59256390977626
2025-05-05 02:00:00+00:00,15.284974093264248,low,-65.30028571428758
2025-05-05 03:00:00+00:00,14.507772020725387,low,-72.83613533834718
2025-05-05 04:00:00+00:00,20.72538860103627,medium,-75.86406766917443
2025-05-05 05:00:00+00:00,26.42487046632124,medium,-74.97707518797063
2025-05-05 06:00:00+00:00,25.38860103626943,medium,-73.88859398496444
2025-05-05 07:00:00+00:00,31.34715025906736,medium,-71.46866165413763
2025-05-05 08:00:00+00:00,31.088082901554404,medium,-70.33388721804639
2025-05-05 09:00:00+00:00,25.647668393782386,medium,-69.42979699248437
2025-05-05 10:00:00+00:00,15.025906735751295,medium,-69.60306015037604
2025-05-05 11:00:00+00:00,14.507772020725387,medium,-70.99812781955292
2025-05-05 12:00:00+00:00,15.025906735751295,medium,-68.01736842105639
2025-05-05 13:00:00+00:00,16.06217616580311,medium,-63.9664360902272
2025-05-05 14:00:00+00:00,17.098445595854923,medium,-63.42452631578932
2025-05-05 15:00:00+00:00,15.025906735751295,medium,-59.09144360902651
2025-05-05 16:00:00+00:00,19.94818652849741,medium,-43.65622556391
2025-05-05 17:00:00+00:00,36.26943005181347,medium,-22.443962406019512
2025-05-05 18:00:00+00:00,51.554404145077726,medium,-6.5957443609055035
2025-05-05 19:00:00+00:00,26.165803108808287,medium,-7.448669172935241
2025-05-05 20:00:00+00:00,16.580310880829018,low,-2.858481203009296
2025-05-05 21:00:00+00:00,32.90155440414508,low,-3.2720000000030045
2025-05-05 22:00:00+00:00,43.78238341968912,low,4.692654135334855
2025-05-05 23:00:00+00:00,29.533678756476682,low,3.683609022555113
2025-05-06 00:00:00+00:00,23.83419689119171,low,5.664458646614572
2025-05-06 01:00:00+00:00,23.83419689119171,low,8.372631578945
2025-05-06 02:00:00+00:00,27.979274611398964,low,12.480285714280877
2025-05-06 03:00:00+00:00,44.559585492227974,low,18.941353383456885
2025-05-06 04:00:00+00:00,44.30051813471503,low,24.386872180449473
2025-05-06 05:00:00+00:00,27.72020725388601,low,26.402533834583135
2025-05-06 06:00:00+00:00,34.97409326424871,low,24.1362781954875
2025-05-06 07:00:00+00:00,30.569948186528496,low,18.59511278195545
2025-05-06 08:00:00+00:00,20.72538860103627,low,16.810203007516872
2025-05-06 09:00:00+00:00,15.284974093264248,low,10.93059398496147
2025-05-06 10:00:00+00:00,10.103626943005182,low,-4.251150375941651
2025-05-06 11:00:00+00:00,9.844559585492227,low,-23.111609022557634
2025-05-06 12:00:00+00:00,9.844559585492227,low,-33.38778947368701
2025-05-06 13:00:00+00:00,9.585492227979273,low,-43.178406015041006
2025-05-06 14:00:00+00:00,10.880829015544041,low,-40.430488721807514
2025-05-06 15:00:00+00:00,10.880829015544041,low,-36.971451127824544
2025-05-06 16:00:00+00:00,9.32642487046632,low,-40.033142857144746
2025-05-06 17:00:00+00:00,11.398963730569948,low,-31.335962406015774
2025-05-06 18:00:00+00:00,16.83937823834197,low,-9.565240601503671
2025-05-06 19:00:00+00:00,13.730569948186528,low,5.708563909773314
2025-05-06 20:00:00+00:00,10.103626943005182,low,14.490368421050938
2025-05-06 21:00:00+00:00,9.844559585492227,low,18.72305263157765
2025-05-06 22:00:00+00:00,24.61139896373057,medium,45.18540601503418
2025-05-06 23:00:00+00:00,32.12435233160622,medium,78.83350375939438
2025-05-07 00:00:00+00:00,49.740932642487046,medium,119.1152180451112
2025-05-07 01:00:00+00:00,57.2538860103627,medium,149.04011278195455
2025-05-07 02:00:00+00:00,33.160621761658035,medium,168.10543609022443
2025-05-07 03:00:00+00:00,34.715025906735754,medium,180.8457593984947
2025-05-07 04:00:00+00:00,38.34196891191709,medium,191.01028571428273
2025-05-07 05:00:00+00:00,29.533678756476682,medium,192.49157894736445
2025-05-07 06:00:00+00:00,34.97409326424871,medium,188.98108270676565
2025-05-07 07:00:00+00:00,57.77202072538861,medium,185.73196992481104
2025-05-07 08:00:00+00:00,68.13471502590673,medium,180.0699699248097
2025-05-07 09:00:00+00:00,60.62176165803109,medium,164.06786466165195
2025-05-07 10:00:00+00:00,55.69948186528497,medium,152.11818796992316
2025-05-07 11:00:00+00:00,65.28497409326425,medium,142.58620300751636
2025-05-07 12:00:00+00:00,54.92227979274611,medium,123.12989473684003
2025-05-07 13:00:00+00:00,57.77202072538861,medium,105.0313684210484
2025-05-07 14:00:00+00:00,38.34196891191709,medium,90.38523308270508
2025-05-07 15:00:00+00:00,27.72020725388601,medium,71.08492481202775
2025-05-07 16:00:00+00:00,20.466321243523318,medium,43.44181203007263
2025-05-07 17:00:00+00:00,19.170984455958546,medium,4.78330827067342
2025-05-07 18:00:00+00:00,31.865284974093267,low,-7.418203007521817
2025-05-07 19:00:00+00:00,20.207253886010363,low,-16.965308270678463
2025-05-07 20:00:00+00:00,22.797927461139896,low,-7.962593984964715
2025-05-07 21:00:00+00:00,46.89119170984456,low,4.342127819544355
2025-05-07 22:00:00+00:00,68.65284974093264,low,9.01330827067452
2025-05-07 23:00:00+00:00,68.39378238341969,low,7.625819548871038
2025-05-08 00:00:00+00:00,81.60621761658031,low,17.106443609019756
2025-05-08 01:00:00+00:00,79.27461139896373,low,22.371984962403435
2025-05-08 02:00:00+00:00,87.30569948186529,medium,40.6320150375912
2025-05-08 03:00:00+00:00,90.67357512953367,medium,69.33080451127734
2025-05-08 04:00:00+00:00,91.19170984455958,medium,92.41708270676901
2025-05-08 05:00:00+00:00,90.93264248704664,medium,108.82119548872139
2025-05-08 06:00:00+00:00,92.74611398963731,medium,127.66712030074734
2025-05-08 07:00:00+00:00,90.67357512953367,medium,146.79914285714167
2025-05-08 08:00:00+00:00,92.74611398963731,medium,167.2498947368416
2025-05-08 09:00:00+00:00,93.00518134715026,medium,186.2985864661629
2025-05-08 10:00:00+00:00,93.52331606217616,medium,199.70981203007346
2025-05-08 11:00:00+00:00,93.26424870466322,medium,203.31630075187613
2025-05-08 12:00:00+00:00,93.52331606217616,medium,200.40049624060188
2025-05-08 13:00:00+00:00,93.78238341968913,medium,185.1806992481188
2025-05-08 14:00:00+00:00,93.26424870466322,medium,171.1628195488696
2025-05-08 15:00:00+00:00,94.30051813471503,medium,166.23860150375603
2025-05-08 16:00:00+00:00,95.10309278350515,medium,171.10103007518498
2025-05-08 17:00:00+00:00,93.81443298969072,medium,171.20647368420882
2025-05-08 18:00:00+00:00,93.55670103092784,medium,172.51567669172758
2025-05-08 19:00:00+00:00,93.81443298969072,medium,163.05240601503723
2025-05-08 20:00:00+00:00,95.10309278350515,medium,177.52832330826854
2025-05-08 21:00:00+00:00,94.84536082474226,medium,188.60498496240425
2025-05-08 22:00:00+00:00,95.10309278350515,medium,208.52842857142718
2025-05-08 23:00:00+00:00,96.3917525773196,medium,232.84603007518345
2025-05-09 00:00:00+00:00,95.61855670103093,medium,241.5426616541343
2025-05-09 01:00:00+00:00,96.64948453608247,medium,245.02815789473397
2025-05-09 02:00:00+00:00,95.61855670103093,medium,239.50430075188012
2025-05-09 03:00:00+00:00,94.0721649484536,medium,229.92299248119954
2025-05-09 04:00:00+00:00,95.87628865979381,medium,227.45864661653914
2025-05-09 05:00:00+00:00,96.3917525773196,medium,224.36533834586282
2025-05-09 06:00:00+00:00,96.90721649484536,medium,219.89712781954762
2025-05-09 07:00:00+00:00,96.64948453608247,medium,210.0706691729265
2025-05-09 08:00:00+00:00,97.68041237113401,medium,182.54969172932007
2025-05-09 09:00:00+00:00,97.9381443298969,medium,148.77455639097667
2025-05-09 10:00:00+00:00,97.42268041237114,medium,117.35593984961986
2025-05-09 11:00:00+00:00,97.42268041237114,medium,95.90445864661504
2025-05-09 12:00:00+00:00,97.42268041237114,medium,78.49663909774165
2025-05-09 13:00:00+00:00,97.42268041237114,medium,65.18891729323158
2025-05-09 14:00:00+00:00,96.3917525773196,medium,46.481060150376635
2025-05-09 15:00:00+00:00,96.1340206185567,medium,20.3337969924806
2025-05-09 16:00:00+00:00,94.3298969072165,medium,6.5053082706742185
2025-05-09 17:00:00+00:00,96.90721649484536,medium,6.618781954886226
2025-05-09 18:00:00+00:00,96.90721649484536,medium,8.835511278196064
2025-05-09 19:00:00+00:00,96.1340206185567,medium,14.842556390975732
2025-05-09 20:00:00+00:00,95.87628865979381,medium,13.911172932329327
2025-05-09 21:00:00+00:00,95.61855670103093,medium,13.985210526312004
2025-05-09 22:00:00+00:00,94.84536082474226,medium,3.4282631578945257
2025-05-09 23:00:00+00:00,96.64948453608247,medium,-7.017939849626526
2025-05-10 00:00:00+00:00,95.61855670103093,medium,-13.813954887219117
2025-05-10 01:00:00+00:00,95.61855670103093,medium,-16.5369248120299
2025-05-10 02:00:00+00:00,96.3917525773196,medium,-13.020496240604892
2025-05-10 03:00:00+00:00,96.90721649484536,medium,-1.9676165413551996
2025-05-10 04:00:00+00:00,96.1340206185567,low,-1.792406015037539
2025-05-10 05:00:00+00:00,95.61855670103093,low,0.25299248119733253
2025-05-10 06:00:00+00:00,95.61855670103093,low,16.96809022556156
2025-05-10 07:00:00+00:00,96.3917525773196,low,23.873503759398403
2025-05-10 08:00:00+00:00,93.55670103092784,low,26.87024812029995
2025-05-10 09:00:00+00:00,93.04123711340206,low,42.15771428571467
2025-05-10 10:00:00+00:00,90.20618556701031,low,47.30159398495957
2025-05-10 11:00:00+00:00,90.20618556701031,low,45.422684210524615
2025-05-10 12:00:00+00:00,91.49484536082474,low,39.90730827067407
2025-05-10 13:00:00+00:00,92.26804123711341,low,42.960939849619535
2025-05-10 14:00:00+00:00,90.74550128534705,low,43.44884210526124
2025-05-10 15:00:00+00:00,88.4318766066838,low,38.16821052631334
2025-05-10 16:00:00+00:00,92.2879177377892,low,37.115789473683705
2025-05-10 17:00:00+00:00,93.05912596401028,low,28.8536165413495
2025-05-10 18:00:00+00:00,93.31619537275064,low,18.225496240598382
2025-05-10 19:00:00+00:00,92.80205655526991,low,8.972127819547275
2025-05-10 20:00:00+00:00,92.54498714652956,low,-2.259654135340425
2025-05-10 21:00:00+00:00,95.62982005141389,low,-4.014248120302833
2025-05-10 22:00:00+00:00,95.11568123393316,low,-6.660827067670622
2025-05-10 23:00:00+00:00,97.42930591259639,medium,8.56115037593863
2025-05-11 00:00:00+00:00,95.11568123393316,medium,14.79546616541167
2025-05-11 01:00:00+00:00,93.05912596401028,medium,18.21382706766852
2025-05-11 02:00:00+00:00,92.54498714652956,medium,24.40236090225272
2025-05-11 03:00:00+00:00,94.85861182519281,medium,31.34407518796674
2025-05-11 04:00:00+00:00,95.88688946015425,medium,38.039082706763985
2025-05-11 05:00:00+00:00,93.05912596401028,medium,41.4773308270642
2025-05-11 06:00:00+00:00,88.68894601542416,medium,42.48380451127798
2025-05-11 07:00:00+00:00,62.724935732647815,medium,33.74057894736644
2025-05-11 08:00:00+00:00,61.95372750642674,medium,35.47799999999744
2025-05-11 09:00:00+00:00,79.69151670951156,medium,43.42603007518512
2025-05-11 10:00:00+00:00,84.83290488431876,medium,52.809796992480415
2025-05-11 11:00:00+00:00,88.94601542416453,medium,54.59248872180179
2025-05-11 12:00:00+00:00,86.63239074550128,medium,58.064563909771884
2025-05-11 13:00:00+00:00,51.156812339331616,medium,46.53303759398209
2025-05-11 14:00:00+00:00,70.4370179948586,medium,37.88118796992249
2025-05-11 15:00:00+00:00,57.58354755784062,medium,26.75086466165204
2025-05-11 16:00:00+00:00,58.61182519280206,medium,11.842233082702354
2025-05-11 17:00:00+00:00,71.46529562982005,medium,5.38947368420744
2025-05-11 18:00:00+00:00,75.83547557840618,medium,3.02927819548736
2025-05-11 19:00:00+00:00,74.293059125964,low,16.85572180450621
2025-05-11 20:00:00+00:00,68.38046272493573,low,23.107924812029196
2025-05-11 21:00:00+00:00,73.00771208226222,low,26.09911278195373
2025-05-11 22:00:00+00:00,62.724935732647815,low,15.242112781952267
2025-05-11 23:00:00+00:00,65.80976863753213,low,12.567383458644581
2025-05-12 00:00:00+00:00,81.49100257069408,low,18.746368421050242
2025-05-12 01:00:00+00:00,64.01028277634961,medium,10.703150375935305
2025-05-12 02:00:00+00:00,74.80719794344472,medium,1.424338345863721
2025-05-12 03:00:00+00:00,83.29048843187661,low,-12.387300751880057
2025-05-12 04:00:00+00:00,87.40359897172236,low,-20.71936842105634
2025-05-12 05:00:00+00:00,69.9228791773779,low,-23.068255639098183
2025-05-12 06:00:00+00:00,86.37532133676092,low,-13.77478195488963
2025-05-12 07:00:00+00:00,93.573264781491,low,-2.776631578950528
2025-05-12 08:00:00+00:00,95.37275064267352,low,9.793458646612024
2025-05-12 09:00:00+00:00,95.11568123393316,low,9.999872180449678
2025-05-12 10:00:00+00:00,95.37275064267352,low,13.58886466165273
2025-05-12 11:00:00+00:00,81.23393316195373,low,5.542578947366197
2025-05-12 12:00:00+00:00,92.54498714652956,low,-2.851315789474797
2025-05-12 13:00:00+00:00,92.54498714652956,low,-3.991157894739904
2025-05-12 14:00:00+00:00,47.30077120822622,medium,-19.51091729323621
2025-05-12 15:00:00+00:00,30.848329048843187,medium,-38.03628571428665
2025-05-12 16:00:00+00:00,60.411311053984576,medium,-51.38907518797176
2025-05-12 17:00:00+00:00,33.41902313624679,medium,-65.64998496240796
2025-05-12 18:00:00+00:00,11.311053984575835,medium,-99.20616541353633
2025-05-12 19:00:00+00:00,19.28020565552699,medium,-121.11130827067949
2025-05-12 20:00:00+00:00,27.249357326478147,medium,-120.51780451127962
2025-05-12 21:00:00+00:00,34.96143958868895,medium,-128.9835187969937
2025-05-12 22:00:00+00:00,38.303341902313626,medium,-131.8397744360933
2025-05-12 23:00:00+00:00,44.73007712082262,medium,-130.69215789473867
2025-05-13 00:00:00+00:00,20.051413881748072,medium,-135.59965413534084
2025-05-13 01:00:00+00:00,11.568123393316196,medium,-137.8698496240627
2025-05-13 02:00:00+00:00,7.455012853470437,medium,-135.55167669173096
2025-05-13 03:00:00+00:00,7.197943444730077,medium,-133.41590977443752
2025-05-13 04:00:00+00:00,10.796915167095115,high,-110.17930075188292
2025-05-13 05:00:00+00:00,12.853470437017995,high,-90.41237593985055
2025-05-13 06:00:00+00:00,13.881748071979436,high,-65.51732330827242
2025-05-13 07:00:00+00:00,16.452442159383033,high,-48.10451127819761
2025-05-13 08:00:00+00:00,17.480719794344473,high,-26.367225563910164
2025-05-13 09:00:00+00:00,35.98971722365039,high,14.542624060148594
2025-05-13 10:00:00+00:00,30.077120822622106,medium,34.188586466162086
2025-05-13 11:00:00+00:00,33.16195372750643,medium,50.8385563909747
2025-05-13 12:00:00+00:00,49.3573264781491,medium,70.20581954886894
2025-05-13 13:00:00+00:00,46.27249357326478,medium,84.07192481202593
2025-05-13 14:00:00+00:00,27.76349614395887,medium,74.0905563909764
2025-05-13 15:00:00+00:00,54.498714652956295,medium,72.39684962405877
2025-05-13 16:00:00+00:00,83.03341902313625,medium,81.50487969924474
2025-05-13 17:00:00+00:00,89.20308483290489,medium,94.12628571428361
2025-05-13 18:00:00+00:00,93.05912596401028,medium,110.80041353383427
2025-05-13 19:00:00+00:00,94.85861182519281,medium,130.45250375939796
2025-05-13 20:00:00+00:00,94.60154241645245,medium,135.42333082706423
2025-05-13 21:00:00+00:00,94.08740359897172,medium,136.0115939849609
2025-05-13 22:00:00+00:00,93.573264781491,medium,125.36922556390617
2025-05-13 23:00:00+00:00,94.08740359897172,medium,105.77029323307988
2025-05-14 00:00:00+00:00,93.83033419023135,low,96.1770977443574
2025-05-14 01:00:00+00:00,90.48843187660668,low,77.92020300751724
2025-05-14 02:00:00+00:00,87.40359897172236,low,58.646060150375106
2025-05-14 03:00:00+00:00,86.88946015424165,low,37.62018045112704
2025-05-14 04:00:00+00:00,92.80205655526991,low,18.322601503756495
2025-05-14 05:00:00+00:00,95.11568123393316,low,11.290962406011591
2025-05-14 06:00:00+00:00,94.60154241645245,low,3.19927819548778
2025-05-14 07:00:00+00:00,84.31876606683805,low,-3.070248120303869
2025-05-14 08:00:00+00:00,31.362467866323907,low,-17.437090225565406
2025-05-14 09:00:00+00:00,56.81233933161953,low,-26.469902255643955
2025-05-14 10:00:00+00:00,60.411311053984576,low,-40.25151127819615
2025-05-14 11:00:00+00:00,77.12082262210797,low,-43.68155639098007
2025-05-14 12:00:00+00:00,54.498714652956295,low,-46.035902255641396
2025-05-14 13:00:00+00:00,47.81491002570694,low,-40.65554135338521
2025-05-14 14:00:00+00:00,29.562982005141386,low,-43.5471879699266
2025-05-14 15:00:00+00:00,32.64781491002571,low,-34.3313834586483
2025-05-14 16:00:00+00:00,23.90745501285347,low,-28.973984962408814
2025-05-14 17:00:00+00:00,25.70694087403599,low,-26.95203007518992
2025-05-14 18:00:00+00:00,29.048843187660665,low,-22.7069097744378
2025-05-14 19:00:00+00:00,29.82005141388175,low,-20.830744360903807
2025-05-14 20:00:00+00:00,23.90745501285347,low,-17.327624060154395
2025-05-14 21:00:00+00:00,24.67866323907455,low,-14.898578947372128
2025-05-14 22:00:00+00:00,17.480719794344473,low,-14.620180451129492
2025-05-14 23:00:00+00:00,17.994858611825194,low,-16.077097744364348
2025-05-15 00:00:00+00:00,33.16195372750643,low,-10.75733082706799
2025-05-15 01:00:00+00:00,9.768637532133676,low,-14.075488721804888
2025-05-15 02:00:00+00:00,13.110539845758353,low,-18.092240601507037
2025-05-15 03:00:00+00:00,8.483290488431876,low,-25.887939849623837
2025-05-15 04:00:00+00:00,10.282776349614396,low,-38.418406015039956
2025-05-15 05:00:00+00:00,6.169665809768637,low,-53.35168421053133
2025-05-15 06:00:00+00:00,5.912596401028278,low,-64.92518045112772
2025-05-15 07:00:00+00:00,2.570694087403599,low,-77.24557142857245
2025-05-15 08:00:00+00:00,5.141388174807198,low,-78.37447368421226
2025-05-15 09:00:00+00:00,3.5989717223650386,low,-83.81524060150464
2025-05-15 10:00:00+00:00,3.0848329048843186,low,-97.43119548872332
2025-05-15 11:00:00+00:00,2.056555269922879,low,-96.82433082707065
2025-05-15 12:00:00+00:00,4.113110539845758,low,-94.18567669173132
2025-05-15 13:00:00+00:00,3.0848329048843186,medium,-98.27668421052907
2025-05-15 14:00:00+00:00,2.827763496143959,low,-98.40298496240962
2025-05-15 15:00:00+00:00,4.627249357326478,medium,-81.35730827067997
2025-05-15 16:00:00+00:00,7.455012853470437,medium,-52.01553383458935
2025-05-15 17:00:00+00:00,7.712082262210797,medium,-19.91782706767249
2025-05-15 18:00:00+00:00,3.5989717223650386,high,-8.605007518797953
2025-05-15 19:00:00+00:00,4.113110539845758,high,10.445338345860753
2025-05-15 20:00:00+00:00,3.8560411311053984,high,38.754706766914694
2025-05-15 21:00:00+00:00,3.5989717223650386,medium,53.260548872178624
2025-05-15 22:00:00+00:00,3.5989717223650386,high,70.50964661654046
2025-05-15 23:00:00+00:00,4.113110539845758,medium,86.32918045112515
2025-05-16 00:00:00+00:00,4.884318766066838,medium,102.82651127819126
2025-05-16 01:00:00+00:00,6.940874035989718,medium,113.89651127819488
2025-05-16 02:00:00+00:00,8.997429305912597,medium,122.60628571428289
2025-05-16 03:00:00+00:00,8.740359897172237,medium,118.48124812029891
2025-05-16 04:00:00+00:00,7.455012853470437,medium,117.31380451127677
2025-05-16 05:00:00+00:00,9.511568123393316,medium,106.24092481202791
2025-05-16 06:00:00+00:00,10.796915167095115,medium,93.02950375939817
2025-05-16 07:00:00+00:00,11.568123393316196,medium,81.51861654135135
2025-05-16 08:00:00+00:00,10.025706940874036,medium,66.3755789473658
2025-05-16 09:00:00+00:00,17.994858611825194,medium,49.038586466163416
2025-05-16 10:00:00+00:00,22.10796915167095,medium,26.948947368418825
2025-05-16 11:00:00+00:00,19.53727506426735,medium,20.01748872180181
2025-05-16 12:00:00+00:00,14.652956298200515,medium,19.79688721804308
2025-05-16 13:00:00+00:00,25.70694087403599,medium,29.183849624057313
2025-05-16 14:00:00+00:00,12.339331619537274,low,12.31116541353064
2025-05-16 15:00:00+00:00,16.966580976863753,low,10.013022556388737
2025-05-16 16:00:00+00:00,13.624678663239074,low,10.151082706763779
2025-05-16 17:00:00+00:00,11.053984575835475,low,2.8252406015035376
2025-05-16 18:00:00+00:00,12.082262210796916,low,-4.681578947368757
2025-05-16 19:00:00+00:00,15.167095115681233,low,-3.327030075190375
2025-05-16 20:00:00+00:00,10.539845758354756,low,-7.218315789475152
2025-05-16 21:00:00+00:00,10.796915167095115,low,-7.685285714288065
2025-05-16 22:00:00+00:00,7.969151670951156,low,-6.380488721805066
2025-05-16 23:00:00+00:00,9.254498714652955,low,-7.669654135340069
2025-05-17 00:00:00+00:00,7.197943444730077,low,-11.236315789476226
2025-05-17 01:00:00+00:00,5.3984575835475574,low,-21.877045112782664
2025-05-17 02:00:00+00:00,5.655526992287918,low,-22.978969924814177
2025-05-17 03:00:00+00:00,7.197943444730077,low,-24.232060150379322
2025-05-17 04:00:00+00:00,10.025706940874036,low,-28.12256390977712
2025-05-17 05:00:00+00:00,9.254498714652955,low,-30.526443609027737
2025-05-17 06:00:00+00:00,10.796915167095115,low,-30.12715037594276
2025-05-17 07:00:00+00:00,9.254498714652955,low,-32.08174436090596
2025-05-17 08:00:00+00:00,7.435897435897436,low,-36.39259398496595
2025-05-17 09:00:00+00:00,5.897435897435897,low,-40.22209022556506
2025-05-17 10:00:00+00:00,5.897435897435897,low,-49.484857142858964
2025-05-17 11:00:00+00:00,5.897435897435897,low,-46.42031578947398
2025-05-17 12:00:00+00:00,5.897435897435897,low,-43.116466165414884
2025-05-17 13:00:00+00:00,5.384615384615385,low,-45.423639097746886
2025-05-17 14:00:00+00:00,6.923076923076923,low,-42.90196240601495
2025-05-17 15:00:00+00:00,6.41025641025641,low,-36.789744360906695
2025-05-17 16:00:00+00:00,5.641025641025641,low,-34.421413533837885
2025-05-17 17:00:00+00:00,4.871794871794872,low,-29.445315789473977
2025-05-17 18:00:00+00:00,4.871794871794872,low,-27.212879699248084
2025-05-17 19:00:00+00:00,4.871794871794872,low,-22.644458646618876
2025-05-17 20:00:00+00:00,6.923076923076923,low,-16.208165413536335
2025-05-17 21:00:00+00:00,6.41025641025641,low,-19.998902255639862
2025-05-17 22:00:00+00:00,5.641025641025641,low,-20.243428571429472
2025-05-17 23:00:00+00:00,7.435897435897436,low,-15.225842105265606
2025-05-18 00:00:00+00:00,7.6923076923076925,low,-3.6131578947403575
2025-05-18 01:00:00+00:00,7.6923076923076925,low,1.5597894736799356
2025-05-18 02:00:00+00:00,8.974358974358974,low,10.522172932327825
2025-05-18 03:00:00+00:00,7.948717948717948,low,18.387180451126174
2025-05-18 04:00:00+00:00,10.512820512820513,low,26.93721804511029
2025-05-18 05:00:00+00:00,52.56410256410257,low,31.422473684209752
2025-05-18 06:00:00+00:00,28.205128205128204,low,31.959413533832407
2025-05-18 07:00:00+00:00,64.61538461538461,low,39.82336842104868
2025-05-18 08:00:00+00:00,87.43589743589743,low,45.150578947364785
2025-05-18 09:00:00+00:00,74.35897435897436,low,44.98020300751468
2025-05-18 10:00:00+00:00,77.43589743589745,low,49.40279699247732
2025-05-18 11:00:00+00:00,61.02564102564103,low,48.99545112781679
2025-05-18 12:00:00+00:00,79.23076923076923,low,49.26153383458424
2025-05-18 13:00:00+00:00,94.35897435897435,low,62.4887443609009
2025-05-18 14:00:00+00:00,95.38461538461539,low,78.61930827067448
2025-05-18 15:00:00+00:00,96.66666666666667,low,97.55094736842013
2025-05-18 16:00:00+00:00,96.15384615384616,low,120.65072180450919
2025-05-18 17:00:00+00:00,83.07692307692308,medium,123.96015037593797
2025-05-18 18:00:00+00:00,57.179487179487175,medium,116.6781879699215
2025-05-18 19:00:00+00:00,16.153846153846153,medium,99.92818796992412
2025-05-18 20:00:00+00:00,24.871794871794872,medium,88.49926315789313
2025-05-18 21:00:00+00:00,51.28205128205128,medium,75.8081278195473
2025-05-18 22:00:00+00:00,85.8974358974359,high,88.19090977443409
2025-05-18 23:00:00+00:00,93.58974358974359,high,103.40319548872017
2025-05-19 00:00:00+00:00,73.58974358974359,high,97.75395488721388
2025-05-19 01:00:00+00:00,55.38461538461539,high,90.99791729322925
2025-05-19 02:00:00+00:00,24.871794871794872,high,73.47696992480954
2025-05-19 03:00:00+00:00,13.846153846153847,high,46.3493684210518
2025-05-19 04:00:00+00:00,6.666666666666667,high,10.963616541351056
2025-05-19 05:00:00+00:00,9.487179487179487,high,-23.32497744361018
2025-05-19 06:00:00+00:00,5.128205128205128,high,-68.3115563909802
2025-05-19 07:00:00+00:00,10.512820512820513,high,-97.1601954887231
2025-05-19 08:00:00+00:00,8.461538461538462,high,-122.8401127819564
2025-05-19 09:00:00+00:00,6.666666666666667,high,-137.28293233083028
2025-05-19 10:00:00+00:00,7.179487179487179,high,-142.9054060150386
2025-05-19 11:00:00+00:00,7.179487179487179,high,-140.40091729323532
2025-05-19 12:00:00+00:00,6.153846153846154,high,-136.15803759398673
2025-05-19 13:00:00+00:00,10.512820512820513,high,-130.81964661654436
2025-05-19 14:00:00+00:00,17.94871794871795,high,-113.73760902255603
2025-05-19 15:00:00+00:00,27.17948717948718,high,-99.54816541353493
2025-05-19 16:00:00+00:00,64.35897435897436,high,-75.90280451128119
2025-05-19 17:00:00+00:00,59.48717948717949,high,-51.856812030075375
2025-05-19 18:00:00+00:00,30.76923076923077,high,-10.620180451130024
2025-05-19 19:00:00+00:00,48.205128205128204,high,51.205383458643524
2025-05-19 20:00:00+00:00,46.92307692307692,high,94.88646616541166
2025-05-19 21:00:00+00:00,52.307692307692314,high,135.17911278194993
2025-05-19 22:00:00+00:00,37.17948717948718,high,169.37336090225415
2025-05-19 23:00:00+00:00,58.46153846153847,medium,186.13781203007193
2025-05-20 00:00:00+00:00,35.64102564102564,medium,192.6025187969895
2025-05-20 01:00:00+00:00,79.74358974358975,medium,205.7666315789463
2025-05-20 02:00:00+00:00,86.66666666666667,medium,195.78008270676509
2025-05-20 03:00:00+00:00,76.41025641025641,medium,191.18960902255452
2025-05-20 04:00:00+00:00,81.28205128205128,medium,189.45017293232777
2025-05-20 05:00:00+00:00,78.46153846153847,medium,178.86100751879545
2025-05-20 06:00:00+00:00,64.87179487179488,medium,152.09192481202496
2025-05-20 07:00:00+00:00,39.23076923076923,medium,116.07792481202857
2025-05-20 08:00:00+00:00,34.35897435897436,medium,72.21087218045044
2025-05-20 09:00:00+00:00,32.30769230769231,medium,37.96993233082319
2025-05-20 10:00:00+00:00,19.48717948717949,medium,13.416548872179359
2025-05-20 11:00:00+00:00,21.53846153846154,medium,-2.4839699248120746
2025-05-20 12:00:00+00:00,16.153846153846153,medium,-16.065323308273047
2025-05-20 13:00:00+00:00,17.435897435897434,medium,-33.135135338345655
2025-05-20 14:00:00+00:00,18.205128205128204,medium,-57.28115037594374
2025-05-20 15:00:00+00:00,34.1025641025641,medium,-57.74719548872499
2025-05-20 16:00:00+00:00,19.743589743589745,medium,-60.45254135338621
2025-05-20 17:00:00+00:00,44.61538461538462,medium,-48.55663157895027
2025-05-20 18:00:00+00:00,15.64102564102564,medium,-49.63189473684358
2025-05-20 19:00:00+00:00,71.28205128205128,high,-25.06306015037908
2025-05-20 20:00:00+00:00,88.2051282051282,high,-1.9314812030109603
2025-05-20 21:00:00+00:00,91.28205128205128,high,26.690308270672897
2025-05-20 22:00:00+00:00,87.17948717948718,high,51.77191729323131
2025-05-20 23:00:00+00:00,90.25641025641026,high,71.55870676691522
2025-05-21 00:00:00+00:00,85.12820512820512,high,95.3641278195458
2025-05-21 01:00:00+00:00,80.25641025641026,high,113.15474436089997
2025-05-21 02:00:00+00:00,88.46153846153845,high,125.20638345864661
2025-05-21 03:00:00+00:00,92.56410256410257,high,128.09112030074954
2025-05-21 04:00:00+00:00,93.84615384615384,high,137.74903759398435
2025-05-21 05:00:00+00:00,95.38461538461539,high,148.93622556390682
2025-05-21 06:00:00+00:00,94.87179487179486,high,155.69466165413579
2025-05-21 07:00:00+00:00,83.07692307692308,high,143.6057593984921
2025-05-21 08:00:00+00:00,68.2051282051282,high,120.62569172932037
2025-05-21 09:00:00+00:00,51.53846153846153,high,87.5463458646592
2025-05-21 10:00:00+00:00,62.82051282051282,high,54.80239849624018
2025-05-21 11:00:00+00:00,82.3076923076923,high,35.301090225562874
2025-05-21 12:00:00+00:00,80.76923076923077,high,12.443556390973988
2025-05-21 13:00:00+00:00,83.58974358974359,high,12.732135338343152
2025-05-21 14:00:00+00:00,91.7948717948718,high,22.081090225561518
2025-05-21 15:00:00+00:00,89.74358974358975,medium,52.95220300751852
2025-05-21 16:00:00+00:00,93.84615384615384,medium,81.30445112781857
2025-05-21 17:00:00+00:00,31.794871794871792,high,65.46391729322978
2025-05-21 18:00:00+00:00,55.8974358974359,high,57.457060150374026
2025-05-21 19:00:00+00:00,81.28205128205128,high,73.74718045112667
2025-05-21 20:00:00+00:00,73.07692307692307,high,80.43177443608838
2025-05-21 21:00:00+00:00,67.94871794871796,high,83.60284210526359
2025-05-21 22:00:00+00:00,85.8974358974359,high,94.20266165413439
2025-05-21 23:00:00+00:00,88.97435897435896,high,114.65427067668871
2025-05-22 00:00:00+00:00,93.58974358974359,high,142.33224812029744
2025-05-22 01:00:00+00:00,92.3076923076923,high,169.54164661653863
2025-05-22 02:00:00+00:00,95.12820512820512,high,204.34955639097532
2025-05-22 03:00:00+00:00,95.64102564102565,high,234.44154135337993
2025-05-22 04:00:00+00:00,96.92307692307692,high,249.92732330826578
2025-05-22 05:00:00+00:00,95.8974358974359,high,246.40037593984704
2025-05-22 06:00:00+00:00,95.12820512820512,high,233.9523308270662
2025-05-22 07:00:00+00:00,96.92307692307692,high,224.78886466165093
2025-05-22 08:00:00+00:00,97.43589743589743,high,200.19021804511019
2025-05-22 09:00:00+00:00,96.66666666666667,high,186.31689473684025
2025-05-22 10:00:00+00:00,96.15384615384616,high,194.5497593984955
2025-05-22 11:00:00+00:00,96.92307692307692,high,202.17236090225387
2025-05-22 12:00:00+00:00,96.41025641025641,high,218.2278872180444
2025-05-22 13:00:00+00:00,94.87179487179486,high,180.55342105262926
2025-05-22 14:00:00+00:00,95.64102564102565,high,142.0209473684201
2025-05-22 15:00:00+00:00,96.15384615384616,medium,129.06296992481066
2025-05-22 16:00:00+00:00,93.07692307692308,medium,105.74007518796766
2025-05-22 17:00:00+00:00,94.61538461538461,medium,84.24278947368227
2025-05-22 18:00:00+00:00,94.35897435897435,medium,66.44326315789358
2025-05-22 19:00:00+00:00,92.82051282051282,medium,50.73041353383215
2025-05-22 20:00:00+00:00,93.07692307692308,medium,36.002436090222616
2025-05-22 21:00:00+00:00,92.3076923076923,medium,15.554917293231806
2025-05-22 22:00:00+00:00,93.58974358974359,medium,5.1434135338335745
2025-05-22 23:00:00+00:00,95.12820512820512,medium,24.226203007516204
2025-05-23 00:00:00+00:00,93.84615384615384,medium,37.54393233082584
2025-05-23 01:00:00+00:00,95.64102564102565,medium,37.0682330827036
2025-05-23 02:00:00+00:00,97.17948717948718,medium,30.808962406011727
2025-05-23 03:00:00+00:00,97.6923076923077,low,28.017503759395307
2025-05-23 04:00:00+00:00,94.87179487179486,low,11.441639097741827
2025-05-23 05:00:00+00:00,94.87179487179486,low,0.8812105263169274
2025-05-23 06:00:00+00:00,87.6923076923077,low,-14.691067669174323
2025-05-23 07:00:00+00:00,90.25641025641026,low,-24.34683458646892
2025-05-23 08:00:00+00:00,93.33333333333333,low,-20.56590977443586
2025-05-23 09:00:00+00:00,94.62915601023018,low,-21.022187969926776
2025-05-23 10:00:00+00:00,93.09462915601023,low,-26.283932330830098
2025-05-23 11:00:00+00:00,15.856777493606138,medium,-53.94224060150476
2025-05-23 12:00:00+00:00,10.997442455242968,medium,-88.35806766917652
2025-05-23 13:00:00+00:00,27.621483375959077,high,-97.09696992481553
2025-05-23 14:00:00+00:00,28.388746803069054,high,-98.94701503759494
2025-05-23 15:00:00+00:00,14.83375959079284,high,-116.678518796994
2025-05-23 16:00:00+00:00,14.795918367346939,high,-130.95320300752144
2025-05-23 17:00:00+00:00,16.071428571428573,high,-141.15924060150553
2025-05-23 18:00:00+00:00,11.479591836734695,high,-155.08124060150587
2025-05-23 19:00:00+00:00,10.459183673469388,high,-156.10686466165527
2025-05-23 20:00:00+00:00,7.653061224489796,high,-160.80633082707075
2025-05-23 21:00:00+00:00,6.377551020408164,high,-164.27929323308632
2025-05-23 22:00:00+00:00,4.591836734693878,high,-170.9775563909801
2025-05-23 23:00:00+00:00,4.336734693877551,high,-182.02058646616607
2025-05-24 00:00:00+00:00,4.336734693877551,high,-190.72495488722
2025-05-24 01:00:00+00:00,4.591836734693878,high,-192.4138796992517
2025-05-24 02:00:00+00:00,5.357142857142857,high,-189.5906240601539
2025-05-24 03:00:00+00:00,5.612244897959184,high,-171.64805263158263
2025-05-24 04:00:00+00:00,5.86734693877551,high,-145.00541353383676
2025-05-24 05:00:00+00:00,5.612244897959184,high,-111.92870676691557
2025-05-24 06:00:00+00:00,6.122448979591836,high,-82.45260902255907
2025-05-24 07:00:00+00:00,5.612244897959184,medium,-84.97106015037797
2025-05-24 08:00:00+00:00,6.377551020408164,medium,-86.25030827067847
2025-05-24 09:00:00+00:00,6.122448979591836,medium,-69.26757142857201
2025-05-24 10:00:00+00:00,7.653061224489796,medium,-36.15196240601926
2025-05-24 11:00:00+00:00,7.142857142857142,medium,-12.104278195489725
2025-05-24 12:00:00+00:00,7.653061224489796,medium,7.403917293231826
2025-05-24 13:00:00+00:00,7.633587786259542,medium,30.123676691724135
2025-05-24 14:00:00+00:00,9.414758269720101,medium,49.57647368420598
2025-05-24 15:00:00+00:00,9.669211195928753,medium,67.12939849623723
2025-05-24 16:00:00+00:00,9.923664122137405,medium,77.7603909774422
2025-05-24 17:00:00+00:00,9.923664122137405,medium,86.86966917292933
2025-05-24 18:00:00+00:00,7.888040712468193,medium,86.02587969924662
2025-05-24 19:00:00+00:00,9.923664122137405,low,77.96935338345597
2025-05-24 20:00:00+00:00,8.396946564885496,low,66.83128571428522
2025-05-24 21:00:00+00:00,7.888040712468193,low,54.570142857140375
2025-05-24 22:00:00+00:00,6.870229007633588,medium,35.16824812029859
2025-05-24 23:00:00+00:00,6.870229007633588,medium,19.364195488720192
2025-05-25 00:00:00+00:00,4.071246819338422,medium,1.8013157894716199
2025-05-25 01:00:00+00:00,4.8346055979643765,medium,-15.100488721809363
2025-05-25 02:00:00+00:00,7.37913486005089,medium,-31.589924812031768
2025-05-25 03:00:00+00:00,7.633587786259542,low,-51.52493233082891
2025-05-25 04:00:00+00:00,8.651399491094146,low,-59.612706766918286
2025-05-25 05:00:00+00:00,8.651399491094146,low,-71.12278947368489
2025-05-25 06:00:00+00:00,10.432569974554708,low,-70.18091729323618
2025-05-25 07:00:00+00:00,7.888040712468193,low,-69.36585714286075
2025-05-25 08:00:00+00:00,5.597964376590331,low,-81.25202255639422
2025-05-25 09:00:00+00:00,5.852417302798982,low,-93.25530075187991
2025-05-25 10:00:00+00:00,6.870229007633588,low,-99.88872180451588
2025-05-25 11:00:00+00:00,6.870229007633588,low,-99.47959398496333
2025-05-25 12:00:00+00:00,8.142493638676845,low,-91.62114285714438
2025-05-25 13:00:00+00:00,6.361323155216285,low,-82.90842105263323
2025-05-25 14:00:00+00:00,5.343511450381679,low,-75.94390225564399
2025-05-25 15:00:00+00:00,6.361323155216285,low,-70.19499248120499
2025-05-25 16:00:00+00:00,6.615776081424936,low,-60.02318045113017
2025-05-25 17:00:00+00:00,8.396946564885496,low,-45.329233082711404
2025-05-25 18:00:00+00:00,7.633587786259542,low,-39.06553383458878
2025-05-25 19:00:00+00:00,9.16030534351145,low,-32.7765263157911
2025-05-25 20:00:00+00:00,7.633587786259542,low,-32.00778195488998
2025-05-25 21:00:00+00:00,8.142493638676845,low,-31.24695488722033
2025-05-25 22:00:00+00:00,52.16284987277354,medium,-1.6215263157919682
2025-05-25 23:00:00+00:00,63.358778625954194,medium,26.467932330822396
2025-05-26 00:00:00+00:00,84.47837150127226,medium,63.212210526316376
2025-05-26 01:00:00+00:00,81.67938931297711,medium,95.85022556390918
2025-05-26 02:00:00+00:00,74.80916030534351,medium,121.44643609022535
2025-05-26 03:00:00+00:00,82.1882951653944,medium,144.18622556390517
2025-05-26 04:00:00+00:00,82.44274809160305,medium,153.79352631578908
2025-05-26 05:00:00+00:00,86.25954198473282,medium,161.6483233082681
2025-05-26 06:00:00+00:00,87.78625954198473,medium,166.7673984962364
2025-05-26 07:00:00+00:00,89.31297709923665,medium,174.72888721804514
2025-05-26 08:00:00+00:00,84.7328244274809,medium,176.58251879699134
2025-05-26 09:00:00+00:00,81.42493638676844,medium,175.74454135338183
2025-05-26 10:00:00+00:00,77.60814249363868,medium,167.99350375939719
2025-05-26 11:00:00+00:00,77.35368956743002,medium,152.53516541353125
2025-05-26 12:00:00+00:00,82.44274809160305,medium,136.89286466165228
2025-05-26 13:00:00+00:00,50.12722646310432,medium,116.94169172932261
2025-05-26 14:00:00+00:00,43.765903307888046,medium,95.23499248120027
2025-05-26 15:00:00+00:00,77.60814249363868,medium,80.06033834586304
2025-05-26 16:00:00+00:00,46.81933842239186,medium,51.97663909774307
2025-05-26 17:00:00+00:00,26.463104325699742,medium,14.854270676688138
2025-05-26 18:00:00+00:00,28.75318066157761,low,0.9995864661645675
2025-05-26 19:00:00+00:00,32.82442748091603,low,-14.906992481208084
2025-05-26 20:00:00+00:00,55.72519083969466,low,-15.735142857144618
2025-05-26 21:00:00+00:00,48.60050890585242,low,-20.29536842105404
2025-05-26 22:00:00+00:00,39.18575063613232,low,-29.278736842106007
2025-05-26 23:00:00+00:00,54.961832061068705,low,-30.75204511278512
2025-05-27 00:00:00+00:00,32.56997455470738,low,-37.503045112781315
2025-05-27 01:00:00+00:00,15.521628498727736,low,-52.65808270676935
2025-05-27 02:00:00+00:00,28.24427480916031,low,-63.12458646616705
2025-05-27 03:00:00+00:00,50.12722646310432,low,-59.62724812030428
2025-05-27 04:00:00+00:00,55.470737913486005,low,-60.21892481203244
2025-05-27 05:00:00+00:00,70.99236641221374,low,-59.42687969924911
2025-05-27 06:00:00+00:00,78.88040712468194,low,-59.89711278195959
2025-05-27 07:00:00+00:00,88.80407124681933,low,-46.830857142860154
2025-05-27 08:00:00+00:00,91.34860050890585,low,-30.448338345868663
2025-05-27 09:00:00+00:00,92.36641221374046,low,-15.597195488722901
2025-05-27 10:00:00+00:00,91.0941475826972,low,-2.0821879699254144
2025-05-27 11:00:00+00:00,90.5852417302799,low,15.389864661652114
2025-05-27 12:00:00+00:00,93.12977099236642,low,23.985436090223317
2025-05-27 13:00:00+00:00,91.34860050890585,low,32.143864661653126
2025-05-27 14:00:00+00:00,85.24173027989822,low,31.59016541353118
2025-05-27 15:00:00+00:00,90.83969465648855,medium,42.00951127819589
2025-05-27 16:00:00+00:00,92.36641221374046,medium,59.53129323307881
2025-05-27 17:00:00+00:00,91.0941475826972,low,72.24730827067404
2025-05-27 18:00:00+00:00,90.33078880407125,medium,76.28157894736682
2025-05-27 19:00:00+00:00,89.56743002544529,medium,82.93839097743948
2025-05-27 20:00:00+00:00,90.83969465648855,medium,79.55730827067104
2025-05-27 21:00:00+00:00,81.67938931297711,low,54.64112781954513
2025-05-27 22:00:00+00:00,70.22900763358778,low,28.702353383457538
2025-05-27 23:00:00+00:00,72.51908396946564,low,10.140796992478018
2025-05-28 00:00:00+00:00,86.25954198473282,low,-3.7174135338381675
2025-05-28 01:00:00+00:00,67.43002544529261,low,-26.095300751882444
2025-05-28 02:00:00+00:00,62.34096692111959,low,-50.171428571431754
2025-05-28 03:00:00+00:00,76.84478371501272,low,-59.21891729323698
2025-05-28 04:00:00+00:00,76.59033078880407,low,-63.3478345864698
2025-05-28 05:00:00+00:00,73.2824427480916,low,-63.861240601506786
2025-05-28 06:00:00+00:00,42.74809160305343,low,-69.10145112782057
2025-05-28 07:00:00+00:00,45.80152671755725,low,-73.39267669173321
2025-05-28 08:00:00+00:00,53.9440203562341,low,-73.0505037593994
2025-05-28 09:00:00+00:00,32.31552162849873,low,-71.75354887218309
2025-05-28 10:00:00+00:00,52.926208651399484,low,-75.61416541353655
2025-05-28 11:00:00+00:00,72.01017811704835,low,-65.9784887218069
2025-05-28 12:00:00+00:00,82.69720101781171,low,-52.90523308270948
2025-05-28 13:00:00+00:00,47.58269720101781,low,-49.365015037596045
2025-05-28 14:00:00+00:00,23.096446700507613,low,-55.76426315790038
2025-05-28 15:00:00+00:00,15.736040609137056,low,-64.73850375939917
2025-05-28 16:00:00+00:00,23.3502538071066,low,-70.22969924812261
2025-05-28 17:00:00+00:00,24.111675126903553,low,-78.81972932331115
2025-05-28 18:00:00+00:00,14.213197969543149,low,-86.71869172932715
2025-05-28 19:00:00+00:00,9.390862944162437,low,-101.26801503759495
2025-05-28 20:00:00+00:00,13.19796954314721,low,-103.28563157895181
2025-05-28 21:00:00+00:00,18.527918781725887,low,-108.41403007518903
2025-05-28 22:00:00+00:00,17.00507614213198,low,-113.77751127819687
2025-05-28 23:00:00+00:00,50.0,low,-108.12298496240778
2025-05-29 00:00:00+00:00,79.18781725888326,low,-91.93927819549134
2025-05-29 01:00:00+00:00,70.81218274111674,low,-76.12315037594107
2025-05-29 02:00:00+00:00,89.08629441624365,low,-59.4771729323339
2025-05-29 03:00:00+00:00,75.63451776649747,medium,-46.42962406015115
2025-05-29 04:00:00+00:00,41.11675126903553,medium,-35.54826315789653
2025-05-29 05:00:00+00:00,39.59390862944163,medium,-24.738203007518972
2025-05-29 06:00:00+00:00,46.192893401015226,medium,-8.296030075190698
2025-05-29 07:00:00+00:00,40.86294416243655,medium,9.676827067667455
2025-05-29 08:00:00+00:00,50.0,medium,38.217887218041504
2025-05-29 09:00:00+00:00,44.67005076142132,low,54.75029323307927
2025-05-29 10:00:00+00:00,44.923857868020306,low,65.21544360902078
2025-05-29 11:00:00+00:00,42.89340101522843,low,67.76524060150234
2025-05-29 12:00:00+00:00,21.31979695431472,low,67.80773684210347
2025-05-29 13:00:00+00:00,12.18274111675127,medium,58.50387969924695
2025-05-29 14:00:00+00:00,17.512690355329948,medium,46.427045112777535
2025-05-29 15:00:00+00:00,10.913705583756345,medium,17.14444360902018
2025-05-29 16:00:00+00:00,9.898477157360407,medium,-10.593887218045923
2025-05-29 17:00:00+00:00,12.944162436548224,medium,-40.64748120300737
2025-05-29 18:00:00+00:00,12.436548223350254,medium,-77.07239849624426
2025-05-29 19:00:00+00:00,10.65989847715736,medium,-106.63503007518787
2025-05-29 20:00:00+00:00,10.65989847715736,medium,-118.76054887218126
2025-05-29 21:00:00+00:00,15.228426395939088,medium,-126.00115037594604
2025-05-29 22:00:00+00:00,12.944162436548224,medium,-133.73311278195845
2025-05-29 23:00:00+00:00,9.390862944162437,medium,-148.58883458646983
2025-05-30 00:00:00+00:00,6.598984771573605,medium,-176.62081203007918
2025-05-30 01:00:00+00:00,7.3604060913705585,medium,-188.4720375939865
2025-05-30 02:00:00+00:00,7.1065989847715745,medium,-188.8417518797008
2025-05-30 03:00:00+00:00,7.3604060913705585,medium,-186.53203007519227
2025-05-30 04:00:00+00:00,7.614213197969544,medium,-170.51764661654542
2025-05-30 05:00:00+00:00,8.883248730964468,medium,-150.8986015037617
2025-05-30 06:00:00+00:00,5.583756345177665,medium,-129.35637593985211
2025-05-30 07:00:00+00:00,5.0761421319796955,medium,-112.48508270676756
2025-05-30 08:00:00+00:00,5.583756345177665,medium,-93.2872706766933
2025-05-30 09:00:00+00:00,6.582278481012659,medium,-75.98743609022702
2025-05-30 10:00:00+00:00,6.329113924050633,medium,-51.05969172932858
2025-05-30 11:00:00+00:00,6.582278481012659,medium,-33.73130075188193
2025-05-30 12:00:00+00:00,6.8354430379746836,medium,-22.14844360902388
2025-05-30 13:00:00+00:00,5.5696202531645564,medium,-18.352300751881067
2025-05-30 14:00:00+00:00,7.575757575757576,medium,-22.8387067669192
2025-05-30 15:00:00+00:00,7.575757575757576,medium,-25.441548872184182
2025-05-30 16:00:00+00:00,5.555555555555555,medium,-44.17206766917407
2025-05-30 17:00:00+00:00,5.555555555555555,medium,-51.25648872180832
2025-05-30 18:00:00+00:00,5.303030303030303,medium,-52.93118045112841
2025-05-30 19:00:00+00:00,4.797979797979798,medium,-61.996751879704796
2025-05-30 20:00:00+00:00,4.797979797979798,medium,-80.75853383459166
2025-05-30 21:00:00+00:00,5.05050505050505,medium,-86.76824060150533
2025-05-30 22:00:00+00:00,3.2828282828282833,medium,-95.46190225564119
2025-05-30 23:00:00+00:00,3.2828282828282833,medium,-100.43968421053044
2025-05-31 00:00:00+00:00,2.525252525252525,medium,-101.36814285714647
2025-05-31 01:00:00+00:00,2.7777777777777777,medium,-106.37633082706954
2025-05-31 02:00:00+00:00,3.2828282828282833,medium,-117.42951879699548
2025-05-31 03:00:00+00:00,3.2828282828282833,medium,-128.42665413533896
2025-05-31 04:00:00+00:00,4.040404040404041,medium,-133.21676691729576
2025-05-31 05:00:00+00:00,3.2828282828282833,medium,-132.81708270676918
2025-05-31 06:00:00+00:00,4.545454545454546,medium,-119.89210526315891
2025-05-31 07:00:00+00:00,3.0303030303030303,medium,-106.21898496240655
2025-05-31 08:00:00+00:00,3.2828282828282833,medium,-93.83524060150462
2025-05-31 09:00:00+00:00,2.7777777777777777,medium,-82.95478947368838
2025-05-31 10:00:00+00:00,3.2828282828282833,medium,-73.31606015037839
2025-05-31 11:00:00+00:00,3.787878787878788,medium,-56.40052631579113
2025-05-31 12:00:00+00:00,4.292929292929292,low,-54.71791729323497
2025-05-31 13:00:00+00:00,3.787878787878788,low,-47.55753383458712
2025-05-31 14:00:00+00:00,4.797979797979798,low,-22.58277443609168
2025-05-31 15:00:00+00:00,3.535353535353535,low,-1.3554661654162328
2025-05-31 16:00:00+00:00,5.555555555555555,low,18.107669172931725
2025-05-31 17:00:00+00:00,4.545454545454546,low,36.49829323308159
2025-05-31 18:00:00+00:00,5.303030303030303,low,46.79181203007327
2025-05-31 19:00:00+00:00,5.555555555555555,low,59.60651879699045
2025-05-31 20:00:00+00:00,7.575757575757576,low,72.10254887218044
2025-05-31 21:00:00+00:00,11.11111111111111,low,76.93027067668847
2025-05-31 22:00:00+00:00,7.828282828282829,low,71.75399248119868
2025-05-31 23:00:00+00:00,9.343434343434344,low,71.73663157894727
2025-06-01 00:00:00+00:00,10.606060606060606,low,70.29794736842013
2025-06-01 01:00:00+00:00,8.080808080808081,low,59.016240601499945
2025-06-01 02:00:00+00:00,11.868686868686869,low,52.94721804510894
2025-06-01 03:00:00+00:00,10.85858585858586,low,47.2102180451102
2025-06-01 04:00:00+00:00,25.5050505050505,low,42.56325563909678
2025-06-01 05:00:00+00:00,30.555555555555557,low,33.313736842105186
2025-06-01 06:00:00+00:00,22.97979797979798,low,16.57512781954582
2025-06-01 07:00:00+00:00,23.98989898989899,low,0.19539097744034126
2025-06-01 08:00:00+00:00,18.434343434343432,low,-7.313526315791612
2025-06-01 09:00:00+00:00,9.848484848484848,low,-20.497691729326682
2025-06-01 10:00:00+00:00,13.131313131313133,low,-26.24479699248481
2025-06-01 11:00:00+00:00,18.939393939393938,low,-29.139774436091923
2025-06-01 12:00:00+00:00,15.656565656565657,low,-34.16324060150486
2025-06-01 13:00:00+00:00,31.060606060606062,low,-36.28988721804697
2025-06-01 14:00:00+00:00,70.2020202020202,low,-31.226330827072033
2025-06-01 15:00:00+00:00,76.01010101010101,low,-21.363353383460588
2025-06-01 16:00:00+00:00,87.62626262626263,low,-5.578458646618847
2025-06-01 17:00:00+00:00,86.36363636363636,low,11.497458646613337
2025-06-01 18:00:00+00:00,73.23232323232324,low,22.14406766916982
2025-06-01 19:00:00+00:00,84.34343434343434,low,35.013180451124065
2025-06-01 20:00:00+00:00,86.36363636363636,low,42.31772180450829
2025-06-01 21:00:00+00:00,91.41414141414141,low,51.63076691729058
2025-06-01 22:00:00+00:00,91.66666666666666,low,60.196646616537805
2025-06-01 23:00:00+00:00,91.16161616161617,low,71.58526315789253
2025-06-02 00:00:00+00:00,91.16161616161617,low,81.97942857142517
2025-06-02 01:00:00+00:00,89.39393939393939,low,89.09845112781738
2025-06-02 02:00:00+00:00,80.8080808080808,low,85.38659398495959
2025-06-02 03:00:00+00:00,68.93939393939394,low,77.96408270676517
2025-06-02 04:00:00+00:00,57.82828282828283,low,70.54533082706523
2025-06-02 05:00:00+00:00,58.080808080808076,low,56.39174436089982
2025-06-02 06:00:00+00:00,78.53535353535354,low,45.52684962405882
2025-06-02 07:00:00+00:00,80.3030303030303,low,38.423774436087136
2025-06-02 08:00:00+00:00,61.86868686868687,low,26.515917293231652
2025-06-02 09:00:00+00:00,32.07070707070707,low,6.712624060146336
2025-06-02 10:00:00+00:00,32.07070707070707,low,-11.26924812030266
2025-06-02 11:00:00+00:00,36.36363636363637,low,-31.70216541353639
2025-06-02 12:00:00+00:00,59.84848484848485,low,-43.8391879699271
2025-06-02 13:00:00+00:00,47.22222222222222,low,-59.999511278197524
2025-06-02 14:00:00+00:00,69.94949494949495,low,-71.50139849624215
2025-06-02 15:00:00+00:00,76.51515151515152,low,-74.6660375939861
2025-06-02 16:00:00+00:00,75.0,low,-81.71729323308277
2025-06-02 17:00:00+00:00,75.75757575757575,low,-77.49884962405989
2025-06-02 18:00:00+00:00,66.91919191919192,low,-71.93221804511296
2025-06-02 19:00:00+00:00,49.74747474747475,low,-61.65525563909922
2025-06-02 20:00:00+00:00,87.37373737373737,low,-46.47832330827157
2025-06-02 21:00:00+00:00,92.42424242424242,low,-30.184661654135127
2025-06-02 22:00:00+00:00,94.6969696969697,low,-8.164924812031696
2025-06-02 23:00:00+00:00,94.94949494949495,low,12.049225563908122
2025-06-03 00:00:00+00:00,95.70707070707071,low,35.81964661653937
2025-06-03 01:00:00+00:00,96.46464646464646,low,61.18299999999943
2025-06-03 02:00:00+00:00,95.45454545454545,medium,76.8380526315758
2025-06-03 03:00:00+00:00,93.43434343434343,medium,93.51007518796906
2025-06-03 04:00:00+00:00,91.16161616161617,medium,104.60342105263116
2025-06-03 05:00:00+00:00,95.70707070707071,medium,108.28066917292972
2025-06-03 06:00:00+00:00,95.95959595959596,medium,106.94743609022301
2025-06-03 07:00:00+00:00,93.18181818181817,medium,95.21981954887067
2025-06-03 08:00:00+00:00,90.65656565656566,medium,83.13090977443302
2025-06-03 09:00:00+00:00,93.18181818181817,low,64.8498796992467
2025-06-03 10:00:00+00:00,93.18181818181817,low,51.59706015037429
2025-06-03 11:00:00+00:00,91.66666666666666,low,40.91234586465843
2025-06-03 12:00:00+00:00,92.92929292929293,low,26.83595488721529
2025-06-03 13:00:00+00:00,93.18181818181817,low,14.643218045110924
2025-06-03 14:00:00+00:00,95.95959595959596,medium,16.429481203004162
2025-06-03 15:00:00+00:00,94.94949494949495,medium,16.803187969924192
2025-06-03 16:00:00+00:00,91.66666666666666,medium,9.714609022554251
2025-06-03 17:00:00+00:00,93.18181818181817,medium,4.019721804511959
2025-06-03 18:00:00+00:00,92.67676767676768,medium,9.703451127819513
2025-06-03 19:00:00+00:00,94.6969696969697,medium,20.69899999999817
2025-06-03 20:00:00+00:00,83.83838383838383,medium,30.730947368417475
2025-06-03 21:00:00+00:00,64.64646464646465,medium,39.38413533834302
2025-06-03 22:00:00+00:00,80.05050505050505,medium,41.35532330826886
2025-06-03 23:00:00+00:00,71.21212121212122,medium,35.828804511276836
2025-06-04 00:00:00+00:00,82.32323232323232,medium,26.903827067665322
2025-06-04 01:00:00+00:00,85.35353535353535,medium,23.683436090224546
2025-06-04 02:00:00+00:00,80.8080808080808,medium,18.230586466162237
2025-06-04 03:00:00+00:00,85.1010101010101,medium,9.234526315788974
2025-06-04 04:00:00+00:00,82.07070707070707,medium,-3.085924812031207
2025-06-04 05:00:00+00:00,76.01010101010101,medium,-15.00242857142957
2025-06-04 06:00:00+00:00,70.70707070707071,medium,-26.60378947368601
2025-06-04 07:00:00+00:00,67.17171717171718,medium,-37.85472932331136
2025-06-04 08:00:00+00:00,73.73737373737373,medium,-47.1837894736869
2025-06-04 09:00:00+00:00,66.41414141414141,medium,-49.3489022556397
2025-06-04 10:00:00+00:00,41.16161616161616,low,-36.02024060150792
2025-06-04 11:00:00+00:00,25.5050505050505,low,-29.33159398496479
2025-06-04 12:00:00+00:00,17.17171717171717,low,-33.51457142857218
2025-06-04 13:00:00+00:00,16.666666666666664,low,-38.503676691732416
2025-06-04 14:00:00+00:00,24.747474747474747,low,-36.734390977446424
2025-06-04 15:00:00+00:00,44.696969696969695,low,-26.14330827067935
2025-06-04 16:00:00+00:00,33.83838383838384,low,-19.92565413533944
2025-06-04 17:00:00+00:00,18.68686868686869,low,-24.761661654136446
2025-06-04 18:00:00+00:00,17.67676767676768,low,-24.609676691730087
2025-06-04 19:00:00+00:00,13.636363636363635,low,-29.601924812031566
2025-06-04 20:00:00+00:00,9.090909090909092,low,-36.66718045112801
2025-06-04 21:00:00+00:00,11.868686868686869,low,-36.00505263158125
2025-06-04 22:00:00+00:00,8.83838383838384,low,-38.40717293233297
2025-06-04 23:00:00+00:00,8.585858585858585,low,-40.19706015037764
2025-06-05 00:00:00+00:00,9.848484848484848,low,-38.52384962406545
2025-06-05 01:00:00+00:00,8.585858585858585,low,-39.92212030075401
2025-06-05 02:00:00+00:00,8.83838383838384,low,-38.222977443612365
2025-06-05 03:00:00+00:00,9.595959595959595,low,-34.91996992481569
2025-06-05 04:00:00+00:00,10.353535353535353,low,-27.578902255641236
2025-06-05 05:00:00+00:00,6.565656565656567,low,-21.18798496240876
2025-06-05 06:00:00+00:00,5.05050505050505,low,-17.73039097744648
2025-06-05 07:00:00+00:00,8.585858585858585,low,-21.26113533834801
2025-06-05 08:00:00+00:00,8.83838383838384,low,-22.406210526317025
2025-06-05 09:00:00+00:00,10.353535353535353,low,-24.18481954887453
2025-06-05 10:00:00+00:00,8.83838383838384,low,-25.314834586468304
2025-06-05 11:00:00+00:00,9.343434343434344,low,-19.290616541355345
2025-06-05 12:00:00+00:00,18.434343434343432,low,1.5117744360877807
2025-06-05 13:00:00+00:00,8.080808080808081,medium,-0.2626766917304607
2025-06-05 14:00:00+00:00,9.343434343434344,medium,-1.218150375942189
2025-06-05 15:00:00+00:00,9.090909090909092,medium,-3.842969924812888
2025-06-05 16:00:00+00:00,6.565656565656567,medium,-28.815781954890447
2025-06-05 17:00:00+00:00,7.07070707070707,medium,-47.01948872180504
2025-06-05 18:00:00+00:00,6.565656565656567,medium,-68.47501503759516
2025-06-05 19:00:00+00:00,3.787878787878788,medium,-104.09911278195644
2025-06-05 20:00:00+00:00,2.7777777777777777,high,-151.5613157894751
2025-06-05 21:00:00+00:00,3.535353535353535,high,-180.3267293233109
2025-06-05 22:00:00+00:00,3.2828282828282833,high,-201.4184812030078
2025-06-05 23:00:00+00:00,4.040404040404041,high,-216.26952631579425
2025-06-06 00:00:00+00:00,3.535353535353535,high,-218.19996240601702
2025-06-06 01:00:00+00:00,3.2828282828282833,high,-224.34094736842528
2025-06-06 02:00:00+00:00,4.292929292929292,high,-224.18280451127887
2025-06-06 03:00:00+00:00,4.292929292929292,high,-215.4741654135362
2025-06-06 04:00:00+00:00,5.303030303030303,high,-197.18409022556585
2025-06-06 05:00:00+00:00,7.828282828282829,high,-169.96039097744458
2025-06-06 06:00:00+00:00,6.0606060606060606,high,-140.67278195488737
2025-06-06 07:00:00+00:00,5.303030303030303,high,-106.60577443609152
2025-06-06 08:00:00+00:00,5.808080808080808,high,-51.900646616543995
2025-06-06 09:00:00+00:00,7.575757575757576,high,-9.793142857144892
2025-06-06 10:00:00+00:00,7.828282828282829,high,35.87478947368182
2025-06-06 11:00:00+00:00,7.575757575757576,high,84.88636842105021
2025-06-06 12:00:00+00:00,11.616161616161616,high,112.273255639094
2025-06-06 13:00:00+00:00,25.252525252525253,high,143.5037969924782
2025-06-06 14:00:00+00:00,42.17171717171717,high,179.4320451127787
2025-06-06 15:00:00+00:00,33.58585858585859,medium,199.9752105263142
2025-06-06 16:00:00+00:00,18.939393939393938,low,188.37606766917162
2025-06-06 17:00:00+00:00,14.393939393939394,low,189.40994736841748
2025-06-06 18:00:00+00:00,9.090909090909092,low,178.66367669172797
2025-06-06 19:00:00+00:00,9.848484848484848,low,159.5395112781929
2025-06-06 20:00:00+00:00,15.404040404040403,low,146.21893984962242
2025-06-06 21:00:00+00:00,15.151515151515152,low,126.77100751879483
2025-06-06 22:00:00+00:00,14.14141414141414,low,110.50985714285576
2025-06-06 23:00:00+00:00,12.878787878787879,low,92.71469924811892
2025-06-07 00:00:00+00:00,31.060606060606062,low,79.88884210526156
2025-06-07 01:00:00+00:00,26.767676767676768,low,66.42252631578641
2025-06-07 02:00:00+00:00,46.21212121212121,low,55.06486466165117
2025-06-07 03:00:00+00:00,59.09090909090909,low,46.35103007518717
2025-06-07 04:00:00+00:00,65.15151515151516,low,39.99322556391012
2025-06-07 05:00:00+00:00,72.22222222222221,low,34.59698496240428
2025-06-07 06:00:00+00:00,82.82828282828282,low,34.127135338345155
2025-06-07 07:00:00+00:00,82.32323232323232,low,28.746781954886792
2025-06-07 08:00:00+00:00,78.53535353535354,low,17.47272932330886
2025-06-07 09:00:00+00:00,79.04040404040404,low,11.613699248120673
2025-06-07 10:00:00+00:00,89.14141414141415,low,19.58460150375689
2025-06-07 11:00:00+00:00,88.88888888888889,low,32.04281954886944
2025-06-07 12:00:00+00:00,90.40404040404042,low,43.643240601499784
2025-06-07 13:00:00+00:00,91.16161616161617,low,58.84387218044849
2025-06-07 14:00:00+00:00,89.8989898989899,low,63.751646616538906
2025-06-07 15:00:00+00:00,88.13131313131312,low,64.67443609022227
2025-06-07 16:00:00+00:00,85.60606060606061,low,64.69939097744128
2025-06-07 17:00:00+00:00,83.33333333333334,low,62.57056390977122
2025-06-07 18:00:00+00:00,88.88888888888889,low,63.31083458646384
2025-06-07 19:00:00+00:00,89.64646464646465,low,61.186706766918206
2025-06-07 20:00:00+00:00,90.9090909090909,low,62.15554135338046
2025-06-07 21:00:00+00:00,92.42424242424242,low,59.022293233079424
2025-06-07 22:00:00+00:00,92.67676767676768,low,55.94737593984859
2025-06-07 23:00:00+00:00,92.17171717171718,low,52.46906766917031
2025-06-08 00:00:00+00:00,86.61616161616162,low,46.02505263157614
2025-06-08 01:00:00+00:00,90.40404040404042,low,42.606308270674674
2025-06-08 02:00:00+00:00,85.85858585858585,low,41.3473609022538
2025-06-08 03:00:00+00:00,81.81818181818183,low,33.22957894736551
2025-06-08 04:00:00+00:00,85.35353535353535,low,24.338345864657676
2025-06-08 05:00:00+00:00,67.17171717171718,low,13.232082706765585
2025-06-08 06:00:00+00:00,62.121212121212125,low,6.004255639094854
2025-06-08 07:00:00+00:00,48.23232323232323,low,-1.8389624060177954
2025-06-08 08:00:00+00:00,58.58585858585859,low,-5.87303759398728
2025-06-08 09:00:00+00:00,34.34343434343434,low,-10.815300751879304
2025-06-08 10:00:00+00:00,45.95959595959596,low,-14.765924812031416
2025-06-08 11:00:00+00:00,73.48484848484848,low,-11.906947368423527
2025-06-08 12:00:00+00:00,66.41414141414141,low,-12.019563909777936
2025-06-08 13:00:00+00:00,66.16161616161617,low,-13.355421052632627
2025-06-08 14:00:00+00:00,77.77777777777779,low,-8.896962406019899
2025-06-08 15:00:00+00:00,76.26262626262627,low,-0.5833759398487427
2025-06-08 16:00:00+00:00,92.42424242424242,low,12.18824060149964
2025-06-08 17:00:00+00:00,85.35353535353535,low,21.614804511279157
2025-06-08 18:00:00+00:00,87.62626262626263,low,34.79843609022365
2025-06-08 19:00:00+00:00,88.13131313131312,low,42.60129323308158
2025-06-08 20:00:00+00:00,85.35353535353535,low,46.014909774433455
2025-06-08 21:00:00+00:00,90.65656565656566,low,54.474812030073714
2025-06-08 22:00:00+00:00,58.333333333333336,low,50.027293233079504
2025-06-08 23:00:00+00:00,49.24242424242424,low,45.032639097744536
2025-06-09 00:00:00+00:00,48.73737373737374,low,41.502819548868615
2025-06-09 01:00:00+00:00,30.05050505050505,low,32.503278195487674
2025-06-09 02:00:00+00:00,28.78787878787879,low,23.914872180449045
2025-06-09 03:00:00+00:00,30.808080808080806,low,16.293157894735508
2025-06-09 04:00:00+00:00,18.68686868686869,low,4.49153383458558
2025-06-09 05:00:00+00:00,13.88888888888889,low,-12.11648120301121
2025-06-09 06:00:00+00:00,23.232323232323232,low,-21.16606766917424
2025-06-09 07:00:00+00:00,21.96969696969697,low,-27.411285714287857
2025-06-09 08:00:00+00:00,34.34343434343434,low,-27.693714285715544
2025-06-09 09:00:00+00:00,60.1010101010101,low,-19.960285714290507
2025-06-09 10:00:00+00:00,81.06060606060606,low,-2.4192330827106456
2025-06-09 11:00:00+00:00,83.33333333333334,low,23.81555639097412
2025-06-09 12:00:00+00:00,85.60606060606061,low,50.4999022556378
2025-06-09 13:00:00+00:00,56.313131313131315,medium,62.80596240601046
2025-06-09 14:00:00+00:00,71.96969696969697,medium,85.74063157894474
2025-06-09 15:00:00+00:00,79.7979797979798,medium,106.65939849623584
2025-06-09 16:00:00+00:00,88.63636363636364,medium,124.18690977443543
2025-06-09 17:00:00+00:00,91.41414141414141,medium,151.43675939849535
2025-06-09 18:00:00+00:00,91.41414141414141,medium,168.35858646616342
2025-06-09 19:00:00+00:00,90.9090909090909,medium,182.3732330827053
2025-06-09 20:00:00+00:00,92.17171717171718,low,193.7232781954852
2025-06-09 21:00:00+00:00,96.71717171717171,medium,215.84111278195127
2025-06-09 22:00:00+00:00,97.22222222222221,medium,234.70463909774145
2025-06-09 23:00:00+00:00,97.22222222222221,medium,249.40224060150263
2025-06-10 00:00:00+00:00,96.71717171717171,medium,248.87488721804112
2025-06-10 01:00:00+00:00,95.70707070707071,medium,238.73628571428236
2025-06-10 02:00:00+00:00,95.70707070707071,medium,224.95424812029697
2025-06-10 03:00:00+00:00,95.2020202020202,medium,201.94948872180143
2025-06-10 04:00:00+00:00,94.44444444444444,medium,178.1287368421044
2025-06-10 05:00:00+00:00,95.2020202020202,medium,156.60969172931914
2025-06-10 06:00:00+00:00,94.6969696969697,medium,142.7345939849585
2025-06-10 07:00:00+00:00,94.94949494949495,medium,130.26587969924773
2025-06-10 08:00:00+00:00,93.68686868686868,medium,113.73371428571355
2025-06-10 09:00:00+00:00,96.46464646464646,medium,89.85540601503409
2025-06-10 10:00:00+00:00,95.95959595959596,medium,68.53214285713935
2025-06-10 11:00:00+00:00,97.22222222222221,medium,48.461774436089286
2025-06-10 12:00:00+00:00,97.22222222222221,medium,28.734248120298815
2025-06-10 13:00:00+00:00,95.70707070707071,medium,10.498022556387529
2025-06-10 14:00:00+00:00,95.2020202020202,medium,-17.267939849625524
2025-06-10 15:00:00+00:00,94.44444444444444,medium,-37.77490225564178
2025-06-10 16:00:00+00:00,92.92929292929293,medium,-60.92875939849822
2025-06-10 17:00:00+00:00,93.68686868686868,low,-64.2300526315839
2025-06-10 18:00:00+00:00,95.45454545454545,low,-54.262112781959495
2025-06-10 19:00:00+00:00,95.45454545454545,low,-38.110097744366286
2025-06-10 20:00:00+00:00,95.45454545454545,low,-20.166781954889775
2025-06-10 21:00:00+00:00,94.6969696969697,low,-5.656541353387127
2025-06-10 22:00:00+00:00,95.2020202020202,low,4.6371353383453675
2025-06-10 23:00:00+00:00,95.2020202020202,low,21.313293233080273
2025-06-11 00:00:00+00:00,94.44444444444444,low,29.891887218044218
2025-06-11 01:00:00+00:00,91.66666666666666,low,31.437827067665747
2025-06-11 02:00:00+00:00,92.17171717171718,low,36.59610526315457
2025-06-11 03:00:00+00:00,93.43434343434343,low,37.45020300751568
2025-06-11 04:00:00+00:00,91.41414141414141,low,33.30301503758991
2025-06-11 05:00:00+00:00,92.17171717171718,low,33.809097744358695
2025-06-11 06:00:00+00:00,91.66666666666666,low,32.95093233082702
2025-06-11 07:00:00+00:00,90.9090909090909,low,33.289112781953555
2025-06-11 08:00:00+00:00,84.34343434343434,low,38.087052631574736
2025-06-11 09:00:00+00:00,67.67676767676768,low,32.49686466165053
2025-06-11 10:00:00+00:00,69.44444444444444,low,17.615503759394752
2025-06-11 11:00:00+00:00,63.888888888888886,low,6.115962406013494
2025-06-11 12:00:00+00:00,79.04040404040404,low,-3.7832255639112082
2025-06-11 13:00:00+00:00,79.04040404040404,low,-15.764436090227578
2025-06-11 14:00:00+00:00,86.36363636363636,low,-17.582443609024164
2025-06-11 15:00:00+00:00,86.61616161616162,low,-18.29903007519169
2025-06-11 16:00:00+00:00,84.34343434343434,low,-16.715751879701315
2025-06-11 17:00:00+00:00,65.15151515151516,low,-22.37520300752335
2025-06-11 18:00:00+00:00,42.17171717171717,low,-31.383849624060016
2025-06-11 19:00:00+00:00,26.767676767676768,low,-31.305699248123176
2025-06-11 20:00:00+00:00,26.262626262626267,low,-33.66700751879947
2025-06-11 21:00:00+00:00,8.83838383838384,low,-43.80948120300893
2025-06-11 22:00:00+00:00,7.828282828282829,low,-52.098571428574196
2025-06-11 23:00:00+00:00,9.343434343434344,low,-54.925496240604275
2025-06-12 00:00:00+00:00,8.333333333333332,low,-57.79152631579247
2025-06-12 01:00:00+00:00,9.090909090909092,low,-63.57906015037744
2025-06-12 02:00:00+00:00,7.3232323232323235,low,-67.57957894736994
2025-06-12 03:00:00+00:00,5.808080808080808,low,-79.84597744361074
2025-06-12 04:00:00+00:00,4.797979797979798,low,-89.04125563910088
2025-06-12 05:00:00+00:00,5.303030303030303,low,-100.60809774436358
2025-06-12 06:00:00+00:00,5.303030303030303,low,-105.93808270676978
2025-06-12 07:00:00+00:00,4.292929292929292,low,-114.91298496240799
2025-06-12 08:00:00+00:00,4.797979797979798,low,-112.744909774439
2025-06-12 09:00:00+00:00,5.808080808080808,low,-111.28657142857222
2025-06-12 10:00:00+00:00,4.292929292929292,low,-106.30178195488885
2025-06-12 11:00:00+00:00,4.040404040404041,low,-105.5919699248163
2025-06-12 12:00:00+00:00,4.797979797979798,low,-104.04682706767245
2025-06-12 13:00:00+00:00,4.292929292929292,low,-104.81990977443773
2025-06-12 14:00:00+00:00,5.05050505050505,low,-97.77578947368761
2025-06-12 15:00:00+00:00,3.535353535353535,low,-98.41318796992789
2025-06-12 16:00:00+00:00,5.05050505050505,low,-83.5319774436117
2025-06-12 17:00:00+00:00,6.313131313131313,low,-65.43940601503856
2025-06-12 18:00:00+00:00,4.545454545454546,medium,-58.41013533834925
2025-06-12 19:00:00+00:00,4.040404040404041,medium,-57.90556390977664
2025-06-12 20:00:00+00:00,4.040404040404041,medium,-65.2938571428586
2025-06-12 21:00:00+00:00,3.0303030303030303,medium,-72.70632330827344
2025-06-12 22:00:00+00:00,3.787878787878788,medium,-78.05119548872497
2025-06-12 23:00:00+00:00,3.535353535353535,medium,-91.28378195489081
2025-06-13 00:00:00+00:00,2.272727272727273,high,-129.4948421052644
2025-06-13 01:00:00+00:00,2.525252525252525,high,-162.37269172932713
2025-06-13 02:00:00+00:00,2.272727272727273,high,-188.6080827067687
2025-06-13 03:00:00+00:00,2.7777777777777777,high,-203.6896992481208
2025-06-13 04:00:00+00:00,2.525252525252525,high,-210.35608270677082
2025-06-13 05:00:00+00:00,2.272727272727273,high,-221.30784210526346
2025-06-13 06:00:00+00:00,3.0303030303030303,high,-219.86832330827647
2025-06-13 07:00:00+00:00,3.787878787878788,high,-218.43222556390933
2025-06-13 08:00:00+00:00,3.535353535353535,high,-214.81880451127915
2025-06-13 09:00:00+00:00,3.2828282828282833,high,-205.22573684210423
2025-06-13 10:00:00+00:00,3.787878787878788,high,-183.08385714285885
2025-06-13 11:00:00+00:00,4.797979797979798,high,-163.80306766917755
2025-06-13 12:00:00+00:00,3.787878787878788,high,-132.78897744361151
2025-06-13 13:00:00+00:00,3.2828282828282833,high,-90.56873684210807
2025-06-13 14:00:00+00:00,4.040404040404041,high,-51.06235338346155
2025-06-13 15:00:00+00:00,4.030226700251889,high,-13.199473684213512
2025-06-13 16:00:00+00:00,5.289672544080604,medium,18.779263157892863
2025-06-13 17:00:00+00:00,5.541561712846348,medium,44.18110526315337
2025-06-13 18:00:00+00:00,4.030226700251889,medium,67.45575187969538
2025-06-13 19:00:00+00:00,5.037783375314862,medium,87.13580451127622
2025-06-13 20:00:00+00:00,7.304785894206549,low,82.55806766916898
2025-06-13 21:00:00+00:00,7.304785894206549,low,77.84760150375821
2025-06-13 22:00:00+00:00,9.06801007556675,low,70.26193984962168
2025-06-13 23:00:00+00:00,12.090680100755668,low,74.04993233082371
2025-06-14 00:00:00+00:00,9.571788413098236,low,73.72471428571221
2025-06-14 01:00:00+00:00,7.5566750629722925,low,59.824533834584145
2025-06-14 02:00:00+00:00,10.327455919395465,low,53.42705263157539
2025-06-14 03:00:00+00:00,11.838790931989925,low,46.957443609020174
2025-06-14 04:00:00+00:00,14.105793450881613,low,39.56193984962194
2025-06-14 05:00:00+00:00,19.64735516372796,low,31.469624060150288
2025-06-14 06:00:00+00:00,16.876574307304786,low,20.761172932328137
2025-06-14 07:00:00+00:00,19.143576826196472,low,11.910142857141068
2025-06-14 08:00:00+00:00,19.395465994962215,low,0.31110526315388276
2025-06-14 09:00:00+00:00,16.624685138539043,low,-16.870609022558714
2025-06-14 10:00:00+00:00,21.41057934508816,low,-28.346909774438217
2025-06-14 11:00:00+00:00,26.19647355163728,low,-31.523902255640536
2025-06-14 12:00:00+00:00,34.25692695214106,low,-29.09706766917387
2025-06-14 13:00:00+00:00,36.775818639798494,low,-32.29071428571516
2025-06-14 14:00:00+00:00,28.211586901763226,low,-39.538827067673544
2025-06-14 15:00:00+00:00,16.120906801007557,low,-48.70142857143098
2025-06-14 16:00:00+00:00,8.542713567839195,low,-57.97993233082981
2025-06-14 17:00:00+00:00,13.06532663316583,low,-60.680413533837964
2025-06-14 18:00:00+00:00,12.060301507537687,low,-55.61436090225848
2025-06-14 19:00:00+00:00,13.06532663316583,low,-47.80936842105389
2025-06-14 20:00:00+00:00,14.824120603015075,low,-38.109676691730975
2025-06-14 21:00:00+00:00,42.71356783919598,low,-26.6111578947413
2025-06-14 22:00:00+00:00,47.23618090452261,low,-14.781330827070683
2025-06-14 23:00:00+00:00,52.01005025125628,low,-5.529992481205642
2025-06-15 00:00:00+00:00,73.61809045226131,low,8.964398496237735
2025-06-15 01:00:00+00:00,60.55276381909548,low,18.556345864660063
2025-06-15 02:00:00+00:00,66.58291457286433,low,25.913541353380907
2025-06-15 03:00:00+00:00,67.08542713567839,low,32.148142857140776
2025-06-15 04:00:00+00:00,73.11557788944724,low,39.30739849623778
2025-06-15 05:00:00+00:00,84.92462311557789,low,49.439187969922465
2025-06-15 06:00:00+00:00,56.53266331658291,low,51.065526315786045
2025-06-15 07:00:00+00:00,51.75879396984925,low,52.972496240602204
2025-06-15 08:00:00+00:00,47.48743718592965,low,50.61378947368002
2025-06-15 09:00:00+00:00,33.41708542713568,low,43.43816541353115
2025-06-15 10:00:00+00:00,55.527638190954775,low,37.694180451126684
2025-06-15 11:00:00+00:00,51.75879396984925,low,28.371255639096006
2025-06-15 12:00:00+00:00,68.34170854271356,low,17.360984962405844
2025-06-15 13:00:00+00:00,55.527638190954775,low,10.703977443607064
2025-06-15 14:00:00+00:00,77.63819095477386,low,9.200030075188359
2025-06-15 15:00:00+00:00,52.26130653266332,low,1.306037593983953
2025-06-15 16:00:00+00:00,51.256281407035175,low,-3.9970375939856133
2025-06-15 17:00:00+00:00,51.256281407035175,low,-1.9121804511311438
2025-06-15 18:00:00+00:00,46.482412060301506,low,-1.5217969924813428
2025-06-15 19:00:00+00:00,32.914572864321606,low,-4.169082706770158
2025-06-15 20:00:00+00:00,14.572864321608039,low,-11.080496240602546
2025-06-15 21:00:00+00:00,18.090452261306535,low,-19.01977443609131
2025-06-15 22:00:00+00:00,51.75879396984925,low,-18.578759398496782
2025-06-15 23:00:00+00:00,59.54773869346733,low,-13.207180451128465
2025-06-16 00:00:00+00:00,40.95477386934673,low,-9.009511278194905
2025-06-16 01:00:00+00:00,76.63316582914574,low,9.014939849623088
2025-06-16 02:00:00+00:00,80.90452261306532,low,17.007541353382972
2025-06-16 03:00:00+00:00,72.8643216080402,low,26.228819548870575
2025-06-16 04:00:00+00:00,84.67336683417085,low,37.69396992481031
2025-06-16 05:00:00+00:00,90.20100502512562,low,45.40360150375519
2025-06-16 06:00:00+00:00,89.9497487437186,low,54.245977443605064
2025-06-16 07:00:00+00:00,92.21105527638191,low,65.32060150375544
2025-06-16 08:00:00+00:00,93.96984924623115,low,79.98057894736621
2025-06-16 09:00:00+00:00,92.96482412060301,low,92.02425563909584
2025-06-16 10:00:00+00:00,90.7035175879397,low,102.56118796992081
2025-06-16 11:00:00+00:00,90.95477386934674,low,110.55972180450716
2025-06-16 12:00:00+00:00,90.7035175879397,low,113.85989473683983
2025-06-16 13:00:00+00:00,92.21105527638191,low,124.11206015037219
2025-06-16 14:00:00+00:00,90.95477386934674,low,134.26134586466102
2025-06-16 15:00:00+00:00,92.71356783919597,low,136.76267669172836
2025-06-16 16:00:00+00:00,93.21608040201005,low,132.0160150375932
2025-06-16 17:00:00+00:00,91.95979899497488,low,123.78130075187924
2025-06-16 18:00:00+00:00,93.21608040201005,low,125.46741353383304
2025-06-16 19:00:00+00:00,92.46231155778895,low,133.529736842105
2025-06-16 20:00:00+00:00,93.46733668341709,low,136.26006766917098
2025-06-16 21:00:00+00:00,93.96984924623115,low,136.18755639097392
2025-06-16 22:00:00+00:00,60.30150753768844,low,119.97540601503495
2025-06-16 23:00:00+00:00,21.35678391959799,medium,90.10145864661337
2025-06-17 00:00:00+00:00,39.44723618090452,medium,72.58832330826795
2025-06-17 01:00:00+00:00,26.38190954773869,medium,55.60980451127577
2025-06-17 02:00:00+00:00,54.020100502512555,medium,42.532255639093925
2025-06-17 03:00:00+00:00,45.47738693467337,medium,37.16238345864378
2025-06-17 04:00:00+00:00,35.678391959798994,medium,29.195781954882655
2025-06-17 05:00:00+00:00,21.85929648241206,medium,14.278052631577602
2025-06-17 06:00:00+00:00,18.341708542713565,medium,-6.79587969925053
2025-06-17 07:00:00+00:00,16.331658291457288,medium,-28.146142857144202
2025-06-17 08:00:00+00:00,8.793969849246231,medium,-55.08416541353762
2025-06-17 09:00:00+00:00,8.542713567839195,medium,-80.24481954887288
2025-06-17 10:00:00+00:00,9.045226130653267,medium,-100.92834586466446
2025-06-17 11:00:00+00:00,7.035175879396985,medium,-125.44692481203172
2025-06-17 12:00:00+00:00,6.78391959798995,medium,-143.81987969924882
2025-06-17 13:00:00+00:00,7.537688442211055,medium,-161.22266917293507
2025-06-17 14:00:00+00:00,5.025125628140704,medium,-174.2684962406012
2025-06-17 15:00:00+00:00,4.271356783919598,low,-184.58815789473775
2025-06-17 16:00:00+00:00,3.2663316582914574,low,-194.94031578947522
2025-06-17 17:00:00+00:00,3.5175879396984926,medium,-199.18247368421285
2025-06-17 18:00:00+00:00,4.522613065326634,medium,-200.61330827067889
2025-06-17 19:00:00+00:00,5.276381909547738,low,-207.52566165413845
2025-06-17 20:00:00+00:00,4.773869346733668,low,-208.88008270676988
2025-06-17 21:00:00+00:00,5.276381909547738,low,-204.2205413533845
2025-06-17 22:00:00+00:00,4.0201005025125625,low,-195.37512781955132
2025-06-17 23:00:00+00:00,4.773869346733668,low,-175.31849624060578
2025-06-18 00:00:00+00:00,5.025125628140704,low,-150.5799849624097
2025-06-18 01:00:00+00:00,5.025125628140704,low,-126.37804511278738
2025-06-18 02:00:00+00:00,4.773869346733668,low,-102.08396240601803
2025-06-18 03:00:00+00:00,5.276381909547738,medium,-71.29489473684465
2025-06-18 04:00:00+00:00,6.532663316582915,medium,-37.39593984962553
2025-06-18 05:00:00+00:00,5.276381909547738,medium,-8.587105263160703
2025-06-18 06:00:00+00:00,5.025125628140704,medium,11.56735338345796
2025-06-18 07:00:00+00:00,5.778894472361809,medium,28.34439849623802
2025-06-18 08:00:00+00:00,5.276381909547738,medium,43.66966165413226
2025-06-18 09:00:00+00:00,5.025125628140704,medium,53.72976691729027
2025-06-18 10:00:00+00:00,3.015075376884422,medium,50.690458646614466
2025-06-18 11:00:00+00:00,4.271356783919598,medium,47.167075187964954
2025-06-18 12:00:00+00:00,3.5175879396984926,low,28.43069172931857
2025-06-18 13:00:00+00:00,4.773869346733668,low,10.200977443606215
2025-06-18 14:00:00+00:00,4.271356783919598,low,3.089428571426285
2025-06-18 15:00:00+00:00,4.522613065326634,low,2.5404887218017342
2025-06-18 16:00:00+00:00,4.0201005025125625,low,-8.636744360905562
2025-06-18 17:00:00+00:00,4.773869346733668,low,-18.266601503761397
2025-06-18 18:00:00+00:00,2.512562814070352,low,-42.80512781954968
2025-06-18 19:00:00+00:00,4.0201005025125625,low,-58.69306766917572
2025-06-18 20:00:00+00:00,19.849246231155778,medium,-54.37513533834799
2025-06-18 21:00:00+00:00,27.63819095477387,medium,-47.30677443609411
2025-06-18 22:00:00+00:00,26.38190954773869,medium,-43.31386466165462
2025-06-18 23:00:00+00:00,29.396984924623116,medium,-33.04615037594152
2025-06-19 00:00:00+00:00,42.71356783919598,medium,-17.36641353383619
2025-06-19 01:00:00+00:00,23.869346733668344,medium,-6.232857142859648
2025-06-19 02:00:00+00:00,22.8643216080402,medium,0.6805037593978875
2025-06-19 03:00:00+00:00,44.221105527638194,medium,13.464473684207388
2025-06-19 04:00:00+00:00,45.97989949748744,medium,25.3106992481178
2025-06-19 05:00:00+00:00,38.94472361809046,medium,30.397488721805235
2025-06-19 06:00:00+00:00,32.1608040201005,medium,25.745345864658123
2025-06-19 07:00:00+00:00,36.4321608040201,medium,28.568533834585438
2025-06-19 08:00:00+00:00,37.93969849246231,medium,28.007676691727347
2025-06-19 09:00:00+00:00,61.30653266331658,medium,29.4674887218033
2025-06-19 10:00:00+00:00,55.639097744360896,medium,31.782714285712046
2025-06-19 11:00:00+00:00,42.857142857142854,medium,34.56024812029765
2025-06-19 12:00:00+00:00,40.35087719298245,medium,31.13094736841734
2025-06-19 13:00:00+00:00,20.30075187969925,medium,19.006481203004775
2025-06-19 14:00:00+00:00,15.538847117794486,low,-6.155661654138154
2025-06-19 15:00:00+00:00,17.794486215538846,low,-29.924368421054055
2025-06-19 16:00:00+00:00,11.027568922305765,low,-39.48624812030361
2025-06-19 17:00:00+00:00,35.338345864661655,low,-36.22678195488636
2025-06-19 18:00:00+00:00,30.82706766917293,low,-38.22604511278334
2025-06-19 19:00:00+00:00,30.075187969924812,low,-40.48978947368725
2025-06-19 20:00:00+00:00,29.07268170426065,low,-40.65821052631727
2025-06-19 21:00:00+00:00,36.59147869674185,low,-44.315022556393956
2025-06-19 22:00:00+00:00,50.877192982456144,low,-41.85527819549139
2025-06-19 23:00:00+00:00,50.877192982456144,low,-32.355045112785085
2025-06-20 00:00:00+00:00,57.14285714285714,low,-22.121571428572615
2025-06-20 01:00:00+00:00,53.88471177944862,low,-12.942879699248925
2025-06-20 02:00:00+00:00,38.34586466165413,low,-8.662007518799514
2025-06-20 03:00:00+00:00,41.10275689223057,low,-5.736804511280053
2025-06-20 04:00:00+00:00,17.543859649122805,low,-5.940661654138745
2025-06-20 05:00:00+00:00,31.07769423558897,low,3.1609323308246533
2025-06-20 06:00:00+00:00,48.62155388471178,low,13.53324060150166
2025-06-20 07:00:00+00:00,86.21553884711778,low,37.632030075187316
2025-06-20 08:00:00+00:00,85.46365914786968,low,61.91398496240558
2025-06-20 09:00:00+00:00,84.71177944862156,low,76.69839849623813
2025-06-20 10:00:00+00:00,84.9624060150376,low,87.12467669172732
2025-06-20 11:00:00+00:00,87.21804511278195,low,94.28361654135267
2025-06-20 12:00:00+00:00,88.47117794486216,low,97.1739473684191
2025-06-20 13:00:00+00:00,81.95488721804512,low,100.8848421052606
2025-06-20 14:00:00+00:00,17.042606516290725,medium,76.05771428571126
2025-06-20 15:00:00+00:00,17.042606516290725,medium,53.63868421052393
2025-06-20 16:00:00+00:00,11.528822055137844,medium,23.70736842104892
2025-06-20 17:00:00+00:00,10.275689223057643,medium,-9.881842105264555
2025-06-20 18:00:00+00:00,10.526315789473683,medium,-39.34727067669239
2025-06-20 19:00:00+00:00,11.027568922305765,medium,-63.652090225565765
2025-06-20 20:00:00+00:00,13.533834586466165,high,-79.8672781954903
2025-06-20 21:00:00+00:00,9.523809523809524,high,-95.5328872180461
2025-06-20 22:00:00+00:00,8.270676691729323,high,-117.77023308270874
2025-06-20 23:00:00+00:00,9.022556390977442,high,-135.48898496240705
2025-06-21 00:00:00+00:00,8.270676691729323,high,-157.3055112781984
2025-06-21 01:00:00+00:00,11.278195488721805,high,-168.63524060150485
2025-06-21 02:00:00+00:00,14.035087719298245,high,-176.44226315789408
2025-06-21 03:00:00+00:00,15.538847117794486,medium,-165.2333834586492
2025-06-21 04:00:00+00:00,12.531328320802004,medium,-149.79024060150485
2025-06-21 05:00:00+00:00,14.786967418546364,medium,-130.25937593985273
2025-06-21 06:00:00+00:00,14.536340852130325,medium,-104.48719548872396
2025-06-21 07:00:00+00:00,17.042606516290725,medium,-76.4588496240628
2025-06-21 08:00:00+00:00,23.05764411027569,medium,-39.31157142857297
2025-06-21 09:00:00+00:00,17.794486215538846,medium,-3.550390977447709
2025-06-21 10:00:00+00:00,16.290726817042607,low,7.411255639094284
2025-06-21 11:00:00+00:00,15.288220551378446,low,23.545939849623796
2025-06-21 12:00:00+00:00,12.781954887218044,low,30.59781203007201
2025-06-21 13:00:00+00:00,7.268170426065162,low,27.901323308268385
2025-06-21 14:00:00+00:00,6.516290726817042,low,22.64861654135352
2025-06-21 15:00:00+00:00,7.017543859649122,low,19.2119849624034
2025-06-21 16:00:00+00:00,6.516290726817042,low,20.423180451123322
2025-06-21 17:00:00+00:00,5.764411027568922,low,15.067390977442141
2025-06-21 18:00:00+00:00,5.764411027568922,low,-4.1546315789496555
2025-06-21 19:00:00+00:00,6.015037593984962,low,-25.384187969927822
2025-06-21 20:00:00+00:00,6.015037593984962,low,-38.147518796994184
2025-06-21 21:00:00+00:00,4.511278195488721,medium,-64.93931578947466
2025-06-21 22:00:00+00:00,5.263157894736842,medium,-84.34301503759619
2025-06-21 23:00:00+00:00,5.764411027568922,medium,-96.25672932331041
2025-06-22 00:00:00+00:00,5.513784461152882,medium,-97.39537593985139
2025-06-22 01:00:00+00:00,3.7593984962406015,medium,-103.80335338346025
2025-06-22 02:00:00+00:00,4.010025062656641,medium,-106.826624060152
2025-06-22 03:00:00+00:00,3.508771929824561,medium,-109.41414285714514
2025-06-22 04:00:00+00:00,4.260651629072681,medium,-102.1019774436087
2025-06-22 05:00:00+00:00,4.511278195488721,medium,-88.22668421052954
2025-06-22 06:00:00+00:00,4.761904761904762,medium,-74.62000751879854
2025-06-22 07:00:00+00:00,4.511278195488721,medium,-63.26123308270992
2025-06-22 08:00:00+00:00,4.511278195488721,medium,-46.66848120300858
2025-06-22 09:00:00+00:00,4.761904761904762,medium,-39.46485714285979
2025-06-22 10:00:00+00:00,4.511278195488721,medium,-26.325443609024475
2025-06-22 11:00:00+00:00,4.260651629072681,medium,-7.945639097747282
2025-06-22 12:00:00+00:00,5.513784461152882,medium,10.779766917290823
2025-06-22 13:00:00+00:00,3.508771929824561,high,-1.249451127822358
2025-06-22 14:00:00+00:00,4.260651629072681,high,-35.96178195488881
2025-06-22 15:00:00+00:00,4.010025062656641,high,-82.77033082706775
2025-06-22 16:00:00+00:00,3.7593984962406015,high,-105.2085037594007
2025-06-22 17:00:00+00:00,4.761904761904762,high,-146.5807218045138
2025-06-22 18:00:00+00:00,5.012531328320802,high,-180.57959398496374
2025-06-22 19:00:00+00:00,5.012531328320802,high,-213.50921052631818
2025-06-22 20:00:00+00:00,5.012531328320802,high,-220.68230827067856
2025-06-22 21:00:00+00:00,3.508771929824561,high,-235.3849022556407
2025-06-22 22:00:00+00:00,7.268170426065162,high,-220.0739924812055
2025-06-22 23:00:00+00:00,7.017543859649122,high,-202.49938345864803
2025-06-23 00:00:00+00:00,8.771929824561402,high,-180.921255639098
2025-06-23 01:00:00+00:00,10.526315789473683,high,-149.2292932330832
2025-06-23 02:00:00+00:00,11.528822055137844,high,-113.7809323308283
2025-06-23 03:00:00+00:00,10.776942355889723,high,-83.31194736842227
2025-06-23 04:00:00+00:00,11.779448621553884,high,-46.19151879699365
2025-06-23 05:00:00+00:00,17.293233082706767,high,-6.2237819548883895
2025-06-23 06:00:00+00:00,18.546365914786968,high,41.475827067666934
2025-06-23 07:00:00+00:00,23.308270676691727,high,93.72811278195289
2025-06-23 08:00:00+00:00,23.809523809523807,high,146.81021052631337
2025-06-23 09:00:00+00:00,24.81203007518797,high,166.82163909774138
2025-06-23 10:00:00+00:00,21.553884711779446,high,164.7477067669116
2025-06-23 11:00:00+00:00,27.819548872180448,high,146.0248045112775
2025-06-23 12:00:00+00:00,65.91478696741855,high,141.38661654135262
2025-06-23 13:00:00+00:00,89.47368421052632,high,140.32266165413338
2025-06-23 14:00:00+00:00,74.18546365914787,high,123.83937593984574
2025-06-23 15:00:00+00:00,57.14285714285714,high,92.40103007518515
2025-06-23 16:00:00+00:00,20.050125313283207,high,57.05083458646436
2025-06-23 17:00:00+00:00,87.71929824561403,high,39.84252631578738
2025-06-23 18:00:00+00:00,95.23809523809523,high,52.6008947368389
2025-06-23 19:00:00+00:00,96.99248120300751,high,65.41599248120323
2025-06-23 20:00:00+00:00,97.4937343358396,high,82.25800000000135
2025-06-23 21:00:00+00:00,97.4937343358396,high,97.45499248120191
2025-06-23 22:00:00+00:00,98.74686716791979,high,138.0683233082704
2025-06-23 23:00:00+00:00,98.49624060150376,high,167.07024060150113
2025-06-24 00:00:00+00:00,98.24561403508771,high,187.12915789473448
2025-06-24 01:00:00+00:00,98.24561403508771,high,215.29308270676515
2025-06-24 02:00:00+00:00,97.99498746867168,high,230.63936090225553
2025-06-24 03:00:00+00:00,97.4937343358396,high,243.97760150375706
2025-06-24 04:00:00+00:00,97.24310776942356,high,250.70236090225228
2025-06-24 05:00:00+00:00,97.4937343358396,high,256.1941503759392
2025-06-24 06:00:00+00:00,97.24310776942356,high,257.9745864661633
2025-06-24 07:00:00+00:00,96.99248120300751,high,240.39370676691644
2025-06-24 08:00:00+00:00,96.74185463659147,high,224.48019548871892
2025-06-24 09:00:00+00:00,96.49122807017544,high,217.04494736841653
2025-06-24 10:00:00+00:00,96.74185463659147,high,194.99523308270557
2025-06-24 11:00:00+00:00,95.73934837092732,high,162.6293533834568
2025-06-24 12:00:00+00:00,96.2406015037594,high,113.62793233082495
2025-06-24 13:00:00+00:00,96.2406015037594,high,84.13253383458512
2025-06-24 14:00:00+00:00,95.23809523809523,high,64.31477443608749
2025-06-24 15:00:00+00:00,94.23558897243107,high,40.307270676690884
2025-06-24 16:00:00+00:00,95.98997493734336,high,36.311714285711574
2025-06-24 17:00:00+00:00,94.48621553884712,high,25.483646616540415
2025-06-24 18:00:00+00:00,93.48370927318295,medium,32.74391729323123
2025-06-24 19:00:00+00:00,93.23308270676691,medium,38.349451127818625
2025-06-24 20:00:00+00:00,92.98245614035088,medium,46.65530827067379
2025-06-24 21:00:00+00:00,94.73684210526315,medium,57.145676691726955
2025-06-24 22:00:00+00:00,93.734335839599,medium,56.34109774435827
2025-06-24 23:00:00+00:00,93.734335839599,medium,57.0652481202984
2025-06-25 00:00:00+00:00,93.23308270676691,medium,59.19766917293205
2025-06-25 01:00:00+00:00,91.72932330827066,medium,67.67423308270384
2025-06-25 02:00:00+00:00,90.47619047619048,medium,79.99031578947198
2025-06-25 03:00:00+00:00,89.22305764411027,low,76.21706015037263
2025-06-25 04:00:00+00:00,88.47117794486216,low,70.99458646616488
2025-06-25 05:00:00+00:00,88.7218045112782,low,67.39006015037471
2025-06-25 06:00:00+00:00,87.468671679198,low,66.23129323308153
2025-06-25 07:00:00+00:00,88.7218045112782,low,64.48048872180205
2025-06-25 08:00:00+00:00,80.45112781954887,low,61.650060150374166
2025-06-25 09:00:00+00:00,70.67669172932331,low,54.34781954886898
2025-06-25 10:00:00+00:00,75.18796992481202,low,58.95399248120234
2025-06-25 11:00:00+00:00,80.45112781954887,low,57.85559398496028
2025-06-25 12:00:00+00:00,77.69423558897243,low,69.90168421052444
2025-06-25 13:00:00+00:00,84.71177944862156,low,87.3624661654114
2025-06-25 14:00:00+00:00,66.66666666666666,low,89.70747368421057
2025-06-25 15:00:00+00:00,19.548872180451127,low,82.03498496240442
2025-06-25 16:00:00+00:00,14.536340852130325,low,80.88962406014811
2025-06-25 17:00:00+00:00,21.804511278195488,low,80.36336842105035
2025-06-25 18:00:00+00:00,14.536340852130325,low,78.34393984962277
2025-06-25 19:00:00+00:00,20.80200501253133,low,80.22923308270437
2025-06-25 20:00:00+00:00,26.065162907268167,low,84.99021052631277
2025-06-25 21:00:00+00:00,14.285714285714285,low,84.34900751879242
2025-06-25 22:00:00+00:00,10.776942355889723,low,79.0966240601478
2025-06-25 23:00:00+00:00,11.027568922305765,low,69.74724812029834
2025-06-26 00:00:00+00:00,11.528822055137844,low,57.892902255637765
2025-06-26 01:00:00+00:00,21.303258145363408,low,49.14883458646232
2025-06-26 02:00:00+00:00,43.35839598997494,low,45.23922556390702
2025-06-26 03:00:00+00:00,24.81203007518797,low,41.24881954887003
2025-06-26 04:00:00+00:00,17.042606516290725,low,35.817789473681074
2025-06-26 05:00:00+00:00,12.531328320802004,low,25.39872932330418
2025-06-26 06:00:00+00:00,19.548872180451127,low,23.18851127819177
2025-06-26 07:00:00+00:00,34.58646616541353,low,21.902669172929542
2025-06-26 08:00:00+00:00,26.065162907268167,low,19.48311278195297
2025-06-26 09:00:00+00:00,15.538847117794486,low,20.965977443606675
2025-06-26 10:00:00+00:00,18.796992481203006,low,19.62483458646168
2025-06-26 11:00:00+00:00,17.042606516290725,low,8.238105263155575
2025-06-26 12:00:00+00:00,9.523809523809524,low,-4.729436090229132
2025-06-26 13:00:00+00:00,8.521303258145362,low,-15.84370676692053
2025-06-26 14:00:00+00:00,9.774436090225564,low,-19.41936842105401
2025-06-26 15:00:00+00:00,9.0,low,-19.191187969927462
2025-06-26 16:00:00+00:00,9.5,low,-19.660278195492193
2025-06-26 17:00:00+00:00,9.0,low,-22.633105263159823
2025-06-26 18:00:00+00:00,8.75,low,-26.961879699251302
2025-06-26 19:00:00+00:00,10.5,low,-28.29252631579143
2025-06-26 20:00:00+00:00,13.0,low,-26.90444360902247
2025-06-26 21:00:00+00:00,9.0,low,-31.690406015042242
2025-06-26 22:00:00+00:00,8.5,low,-31.630285714287353
2025-06-26 23:00:00+00:00,8.0,low,-31.87812781955078
2025-06-27 00:00:00+00:00,5.25,low,-34.7782105263192
2025-06-27 01:00:00+00:00,8.75,low,-32.892676691729925
2025-06-27 02:00:00+00:00,13.25,low,-26.329563909774976
2025-06-27 03:00:00+00:00,16.5,low,-14.971616541355457
2025-06-27 04:00:00+00:00,15.25,low,-3.7942406015046544
2025-06-27 05:00:00+00:00,11.25,low,-2.2649924812042133
2025-06-27 06:00:00+00:00,12.75,low,0.51761654135321
2025-06-27 07:00:00+00:00,7.249999999999999,low,-3.3827142857156782
2025-06-27 08:00:00+00:00,17.5,low,-7.961654135341056
2025-06-27 09:00:00+00:00,16.25,low,-13.70137593985157
2025-06-27 10:00:00+00:00,12.75,low,-13.366142857144837
2025-06-27 11:00:00+00:00,15.25,low,-14.476864661656348
2025-06-27 12:00:00+00:00,10.25,low,-21.10025563909832
2025-06-27 13:00:00+00:00,14.249999999999998,low,-25.185488721806742
2025-06-27 14:00:00+00:00,13.5,low,-29.453796992483912
2025-06-27 15:00:00+00:00,42.5,low,-19.407939849626576
2025-06-27 16:00:00+00:00,52.75,low,-2.885300751880862
2025-06-27 17:00:00+00:00,17.0,low,-6.197819548872487
2025-06-27 18:00:00+00:00,9.0,low,-12.308353383461254
2025-06-27 19:00:00+00:00,13.5,low,-17.32728571428832
2025-06-27 20:00:00+00:00,26.25,low,-21.869105263159618
2025-06-27 21:00:00+00:00,34.5,low,-20.975947368421718
2025-06-27 22:00:00+00:00,52.75,low,-17.215646616542873
2025-06-27 23:00:00+00:00,51.5,low,-10.44476691729513
2025-06-28 00:00:00+00:00,45.5,low,-2.4851353383493078
2025-06-28 01:00:00+00:00,53.75,low,2.5331578947343543
2025-06-28 02:00:00+00:00,45.0,low,8.655338345861818
2025-06-28 03:00:00+00:00,41.25,low,11.287894736839492
2025-06-28 04:00:00+00:00,30.0,low,13.750917293231682
2025-06-28 05:00:00+00:00,39.25,low,18.75073684210216
2025-06-28 06:00:00+00:00,45.75,low,23.711496240596865
2025-06-28 07:00:00+00:00,63.0,low,28.902368421053165
2025-06-28 08:00:00+00:00,46.25,low,27.24911278195337
2025-06-28 09:00:00+00:00,62.5,low,25.556541353380755
2025-06-28 10:00:00+00:00,65.0,low,18.496135338343823
2025-06-28 11:00:00+00:00,71.25,low,23.621473684210898
2025-06-28 12:00:00+00:00,76.0,low,30.90442105262892
2025-06-28 13:00:00+00:00,64.58852867830423,low,25.43137593984697
2025-06-28 14:00:00+00:00,72.56857855361596,low,18.387781954886368
2025-06-28 15:00:00+00:00,86.53366583541147,low,15.606999999997823
2025-06-28 16:00:00+00:00,84.28927680798004,low,14.688022556389068
2025-06-28 17:00:00+00:00,92.01995012468828,low,14.856526315785047
2025-06-28 18:00:00+00:00,91.77057356608479,low,13.070887218042985
2025-06-28 19:00:00+00:00,93.01745635910224,low,8.801902255638725
2025-06-28 20:00:00+00:00,91.77057356608479,low,3.723984962404333
2025-06-28 21:00:00+00:00,94.51371571072319,low,0.8315413533790235
2025-06-28 22:00:00+00:00,95.51122194513717,low,-1.2075187969948629
2025-06-28 23:00:00+00:00,94.2643391521197,low,-1.690992481208015
2025-06-29 00:00:00+00:00,93.76558603491272,low,-1.3305488721830636
2025-06-29 01:00:00+00:00,92.01995012468828,low,-2.1183233082717097
2025-06-29 02:00:00+00:00,92.01995012468828,low,-1.12911278195686
2025-06-29 03:00:00+00:00,86.53366583541147,low,-0.21252631579056008
2025-06-29 04:00:00+00:00,89.77556109725685,low,0.2207969924796665
2025-06-29 05:00:00+00:00,91.02244389027432,low,0.3463308270644821
2025-06-29 06:00:00+00:00,92.76807980049875,low,0.8952180451115399
2025-06-29 07:00:00+00:00,92.76807980049875,low,3.2131804511253965
2025-06-29 08:00:00+00:00,94.0149625935162,low,9.14851127819395
2025-06-29 09:00:00+00:00,94.51371571072319,low,13.596796992477717
2025-06-29 10:00:00+00:00,94.76309226932669,low,22.22138345864323
2025-06-29 11:00:00+00:00,93.76558603491272,low,37.90635338345735
2025-06-29 12:00:00+00:00,93.01745635910224,low,45.51969172932096
2025-06-29 13:00:00+00:00,93.26683291770573,low,52.484879699246406
2025-06-29 14:00:00+00:00,85.286783042394,low,54.767601503756374
2025-06-29 15:00:00+00:00,75.81047381546135,low,51.826669172930124
2025-06-29 16:00:00+00:00,85.286783042394,low,44.370180451125215
2025-06-29 17:00:00+00:00,85.785536159601,low,38.78574436090087
2025-06-29 18:00:00+00:00,89.77556109725685,low,34.8656240601498
2025-06-29 19:00:00+00:00,90.02493765586036,low,26.04338345864364
2025-06-29 20:00:00+00:00,87.78054862842892,low,19.212353383456875
2025-06-29 21:00:00+00:00,93.51620947630923,low,12.576097744358659
2025-06-29 22:00:00+00:00,98.50374064837905,low,13.197812030072958
2025-06-29 23:00:00+00:00,98.50374064837905,low,15.088721804509047
2025-06-30 00:00:00+00:00,97.2568578553616,low,21.197067669171055
2025-06-30 01:00:00+00:00,95.01246882793018,low,22.708120300750622
2025-06-30 02:00:00+00:00,93.76558603491272,low,23.294360902252652
2025-06-30 03:00:00+00:00,92.76807980049875,low,22.96239097744013
2025-06-30 04:00:00+00:00,91.52119700748129,low,22.88282706766534
2025-06-30 05:00:00+00:00,92.76807980049875,low,24.5016466165376
2025-06-30 06:00:00+00:00,81.29675810473816,low,19.538759398493326
2025-06-30 07:00:00+00:00,88.2793017456359,low,21.1689323308259
2025-06-30 08:00:00+00:00,76.05985037406484,low,18.11611278195341
2025-06-30 09:00:00+00:00,63.84039900249376,low,13.40926315789193
2025-06-30 10:00:00+00:00,65.83541147132169,low,10.369285714282487
2025-06-30 11:00:00+00:00,61.34663341645885,low,4.729390977440705
2025-06-30 12:00:00+00:00,41.14713216957606,low,-5.09714285714495
2025-06-30 13:00:00+00:00,28.92768079800499,low,-15.715556390981543
2025-06-30 14:00:00+00:00,23.690773067331673,low,-35.1131879699253
2025-06-30 15:00:00+00:00,46.38403990024938,medium,-45.83274436090368
2025-06-30 16:00:00+00:00,61.59600997506235,medium,-57.277278195491334
2025-06-30 17:00:00+00:00,55.11221945137157,medium,-68.14003007519027
2025-06-30 18:00:00+00:00,37.905236907730675,low,-73.56802255639384
2025-06-30 19:00:00+00:00,75.06234413965088,medium,-66.16244360902448
2025-06-30 20:00:00+00:00,59.10224438902743,low,-54.60432330827375
2025-06-30 21:00:00+00:00,47.381546134663346,medium,-51.19669924812135
2025-06-30 22:00:00+00:00,41.64588528678304,medium,-46.22021804511405
2025-06-30 23:00:00+00:00,41.39650872817955,medium,-38.32802255639153
2025-07-01 00:00:00+00:00,28.428927680798004,medium,-28.08198496240886
2025-07-01 01:00:00+00:00,21.44638403990025,medium,-19.21081954887461
2025-07-01 02:00:00+00:00,16.957605985037407,low,-21.6284661654145
2025-07-01 03:00:00+00:00,15.46134663341646,low,-21.37488721804627
2025-07-01 04:00:00+00:00,10.473815461346634,low,-26.524624060153517
2025-07-01 05:00:00+00:00,9.476309226932669,low,-30.536789473685403
2025-07-01 06:00:00+00:00,10.224438902743142,low,-31.62790225564216
2025-07-01 07:00:00+00:00,11.970074812967582,low,-27.386285714288285
2025-07-01 08:00:00+00:00,10.723192019950124,medium,-30.44852631579107
2025-07-01 09:00:00+00:00,12.219451371571072,medium,-35.12493233082931
2025-07-01 10:00:00+00:00,11.221945137157107,low,-50.68915789474025
2025-07-01 11:00:00+00:00,9.975062344139651,low,-51.86393984962609
2025-07-01 12:00:00+00:00,7.98004987531172,low,-53.9040300751895
2025-07-01 13:00:00+00:00,10.723192019950124,low,-50.815699248124
2025-07-01 14:00:00+00:00,9.226932668329177,low,-62.83599248120506
2025-07-01 15:00:00+00:00,9.226932668329177,low,-64.48741353383811
2025-07-01 16:00:00+00:00,8.728179551122196,low,-64.28009774436153
2025-07-01 17:00:00+00:00,7.73067331670823,low,-66.43718045112924
2025-07-01 18:00:00+00:00,6.483790523690773,low,-74.76216541353648
2025-07-01 19:00:00+00:00,7.98004987531172,low,-85.5209548872211
2025-07-01 20:00:00+00:00,8.229426433915211,low,-82.56171428571749
2025-07-01 21:00:00+00:00,7.98004987531172,low,-81.83188721804777
2025-07-01 22:00:00+00:00,8.977556109725686,low,-83.2524812030101
2025-07-01 23:00:00+00:00,8.229426433915211,low,-80.03254135338625
2025-07-02 00:00:00+00:00,6.733167082294264,low,-83.57339849624397
2025-07-02 01:00:00+00:00,8.478802992518704,medium,-79.38975187970131
2025-07-02 02:00:00+00:00,9.476309226932669,medium,-71.34583458646861
2025-07-02 03:00:00+00:00,8.728179551122196,medium,-53.18856390977669
2025-07-02 04:00:00+00:00,14.713216957605985,medium,-38.26636842105507
2025-07-02 05:00:00+00:00,15.46134663341646,medium,-21.62265413534178
2025-07-02 06:00:00+00:00,31.421446384039903,medium,-0.7795413533866777
2025-07-02 07:00:00+00:00,23.44139650872818,medium,22.034879699245668
2025-07-02 08:00:00+00:00,34.1645885286783,medium,50.49087218044932
2025-07-02 09:00:00+00:00,31.67082294264339,medium,81.75404511278201
2025-07-02 10:00:00+00:00,57.605985037406484,low,100.87790225563857
2025-07-02 11:00:00+00:00,45.6359102244389,low,112.31427067668862
2025-07-02 12:00:00+00:00,48.87780548628429,low,122.03938345864748
2025-07-02 13:00:00+00:00,71.07231920199501,low,138.0640676691728
2025-07-02 14:00:00+00:00,82.54364089775561,low,149.16309774436058
2025-07-02 15:00:00+00:00,90.27431421446383,low,159.66248872180086
2025-07-02 16:00:00+00:00,95.51122194513717,low,183.0212631578926
2025-07-02 17:00:00+00:00,94.51371571072319,low,194.9340601503732
2025-07-02 18:00:00+00:00,94.51371571072319,low,204.96324812029798
2025-07-02 19:00:00+00:00,94.51371571072319,low,212.12246616541339
2025-07-02 20:00:00+00:00,95.26184538653366,low,201.00153383458473
2025-07-02 21:00:00+00:00,96.00997506234414,low,193.78902255639238
2025-07-02 22:00:00+00:00,95.51122194513717,medium,179.6764360902224
2025-07-02 23:00:00+00:00,95.26184538653366,medium,161.0403909774403
2025-07-03 00:00:00+00:00,94.2643391521197,medium,142.31724812030004
2025-07-03 01:00:00+00:00,94.76309226932669,medium,124.69900751879595
2025-07-03 02:00:00+00:00,93.51620947630923,medium,105.86100751879708
2025-07-03 03:00:00+00:00,93.26683291770573,medium,84.1589849624042
2025-07-03 04:00:00+00:00,94.2643391521197,medium,72.68732330826718
2025-07-03 05:00:00+00:00,95.26184538653366,medium,66.01684962405852
2025-07-03 06:00:00+00:00,95.26184538653366,medium,62.12306766916895
2025-07-03 07:00:00+00:00,95.26184538653366,medium,47.110488721801055
2025-07-03 08:00:00+00:00,94.51371571072319,medium,29.204932330826512
2025-07-03 09:00:00+00:00,94.2643391521197,medium,22.49227067669071
2025-07-03 10:00:00+00:00,93.01745635910224,medium,16.911804511276536
2025-07-03 11:00:00+00:00,93.01745635910224,low,14.782894736838758
2025-07-03 12:00:00+00:00,92.26932668329178,low,15.860887218043082
2025-07-03 13:00:00+00:00,93.51620947630923,medium,28.371112781953855
2025-07-03 14:00:00+00:00,91.2718204488778,medium,37.977090225559856
2025-07-03 15:00:00+00:00,77.80548628428927,medium,41.041120300748915
2025-07-03 16:00:00+00:00,82.29426433915212,medium,38.70044360902192
2025-07-03 17:00:00+00:00,85.785536159601,medium,44.776639097741466
2025-07-03 18:00:00+00:00,85.03740648379052,medium,47.70099248120067
2025-07-03 19:00:00+00:00,86.0349127182045,medium,46.982218045111196
2025-07-03 20:00:00+00:00,87.03241895261846,medium,47.91463157894637
2025-07-03 21:00:00+00:00,87.53117206982543,medium,45.98468421052259
2025-07-03 22:00:00+00:00,87.78054862842892,medium,37.54700751879545
2025-07-03 23:00:00+00:00,86.0349127182045,medium,24.53172180450773
2025-07-04 00:00:00+00:00,84.53865336658353,medium,11.120563909773644
2025-07-04 01:00:00+00:00,82.7930174563591,medium,5.664458646614563
2025-07-04 02:00:00+00:00,56.85785536159601,medium,-2.40761654135682
2025-07-04 03:00:00+00:00,58.35411471321695,medium,-12.385984962408449
2025-07-04 04:00:00+00:00,32.16957605985037,medium,-24.370962406019814
2025-07-04 05:00:00+00:00,34.91271820448878,medium,-26.4266315789502
2025-07-04 06:00:00+00:00,14.463840399002494,medium,-28.50727819548971
2025-07-04 07:00:00+00:00,7.73067331670823,medium,-37.814112781955096
2025-07-04 08:00:00+00:00,10.224438902743142,medium,-51.67320300751972
2025-07-04 09:00:00+00:00,10.224438902743142,low,-44.403157894738655
2025-07-04 10:00:00+00:00,8.728179551122196,low,-45.11907518797312
2025-07-04 11:00:00+00:00,9.72568578553616,low,-54.098699248123175
2025-07-04 12:00:00+00:00,7.73067331670823,low,-62.4131278195502
2025-07-04 13:00:00+00:00,5.985037406483791,low,-76.54557142857504
2025-07-04 14:00:00+00:00,6.733167082294264,low,-88.64424060150758
2025-07-04 15:00:00+00:00,5.7356608478802995,low,-99.34601503759762
2025-07-04 16:00:00+00:00,4.987531172069826,low,-103.51542105263287
2025-07-04 17:00:00+00:00,4.987531172069826,low,-103.31763909774311
2025-07-04 18:00:00+00:00,5.7356608478802995,low,-107.16258646616811
2025-07-04 19:00:00+00:00,6.234413965087282,low,-109.77618796992805
2025-07-04 20:00:00+00:00,5.236907730673317,low,-107.69709774436416
2025-07-04 21:00:00+00:00,5.7356608478802995,low,-99.4669248120328
2025-07-04 22:00:00+00:00,7.4812967581047385,low,-88.98111278195758
2025-07-04 23:00:00+00:00,5.985037406483791,low,-80.10182706767155
2025-07-05 00:00:00+00:00,6.483790523690773,low,-70.30997744361186
2025-07-05 01:00:00+00:00,4.987531172069826,low,-61.94064661654293
2025-07-05 02:00:00+00:00,6.733167082294264,low,-50.56109774436217
2025-07-05 03:00:00+00:00,5.7356608478802995,low,-41.64726315789667
2025-07-05 04:00:00+00:00,6.733167082294264,low,-31.158015037596066
2025-07-05 05:00:00+00:00,7.4812967581047385,low,-16.20021052631637
2025-07-05 06:00:00+00:00,8.229426433915211,low,0.5979548872155043
2025-07-05 07:00:00+00:00,7.98004987531172,low,15.051353383455195
2025-07-05 08:00:00+00:00,8.478802992518704,low,27.95765413533838
2025-07-05 09:00:00+00:00,9.476309226932669,low,30.581691729321467
2025-07-05 10:00:00+00:00,8.229426433915211,low,30.61606015037624
2025-07-05 11:00:00+00:00,9.226932668329177,low,26.88445112781733
2025-07-05 12:00:00+00:00,10.473815461346634,low,23.867496240599806
2025-07-05 13:00:00+00:00,8.977556109725686,low,23.522714285712077
2025-07-05 14:00:00+00:00,9.975062344139651,low,17.66468421052601
2025-07-05 15:00:00+00:00,7.4812967581047385,low,8.500360902253998
2025-07-05 16:00:00+00:00,9.72568578553616,low,2.5966766917281223
2025-07-05 17:00:00+00:00,6.234413965087282,low,-0.6327669172942487
2025-07-05 18:00:00+00:00,4.738154613466334,low,0.15242857142640887
2025-07-05 19:00:00+00:00,6.982543640897755,low,-1.0858270676719295
2025-07-05 20:00:00+00:00,8.728179551122196,low,0.13946616541113338
2025-07-05 21:00:00+00:00,10.224438902743142,low,-1.9752481203026235
2025-07-05 22:00:00+00:00,14.463840399002494,low,-1.4773834586500454
2025-07-05 23:00:00+00:00,13.715710723192021,low,0.34830075187575493
2025-07-06 00:00:00+00:00,13.216957605985039,low,1.9660676691707892
2025-07-06 01:00:00+00:00,11.221945137157107,low,3.4504887218012112
2025-07-06 02:00:00+00:00,8.229426433915211,low,4.827676691726372
2025-07-06 03:00:00+00:00,9.72568578553616,low,2.953714285711991
2025-07-06 04:00:00+00:00,11.221945137157107,low,-0.1635338345899345
2025-07-06 05:00:00+00:00,9.975062344139651,low,-2.2565939849641885
2025-07-06 06:00:00+00:00,24.189526184538654,low,-2.4293834586479077
2025-07-06 07:00:00+00:00,22.443890274314214,low,-3.3981503759421168
2025-07-06 08:00:00+00:00,22.693266832917704,low,-4.185263157896838
2025-07-06 09:00:00+00:00,15.96009975062344,low,-7.331413533836536
2025-07-06 10:00:00+00:00,20.947630922693268,low,-6.987729323311686
2025-07-06 11:00:00+00:00,42.643391521197,low,-7.259616541356283
2025-07-06 12:00:00+00:00,62.094763092269325,low,-4.62143609022619
2025-07-06 13:00:00+00:00,86.0349127182045,low,5.334270676689211
2025-07-06 14:00:00+00:00,84.28927680798004,low,15.300999999995932
2025-07-06 15:00:00+00:00,86.53366583541147,low,25.57069172932185
2025-07-06 16:00:00+00:00,89.27680798004988,low,33.27919548871863
2025-07-06 17:00:00+00:00,90.02493765586036,low,40.62800751879611
2025-07-06 18:00:00+00:00,84.28927680798004,low,41.781375939847564
2025-07-06 19:00:00+00:00,85.286783042394,low,43.736654135337645
2025-07-06 20:00:00+00:00,88.5286783042394,low,47.134624060147004
2025-07-06 21:00:00+00:00,92.51870324189527,low,57.77493984962282
2025-07-06 22:00:00+00:00,92.76807980049875,low,64.72073684210456
2025-07-06 23:00:00+00:00,86.28428927680798,low,69.403030075186
2025-07-07 00:00:00+00:00,83.79052369077307,low,65.94223308270482
2025-07-07 01:00:00+00:00,85.53615960099751,low,64.25306015037522
2025-07-07 02:00:00+00:00,88.5286783042394,low,67.84364661654038
2025-07-07 03:00:00+00:00,86.78304239401497,low,68.63265413533627
2025-07-07 04:00:00+00:00,87.53117206982543,low,63.11472932330583
2025-07-07 05:00:00+00:00,86.0349127182045,low,52.75963157894539
2025-07-07 06:00:00+00:00,75.81047381546135,low,38.415849624059526
2025-07-07 07:00:00+00:00,89.52618453865337,low,28.33113533834398
2025-07-07 08:00:00+00:00,88.5286783042394,low,18.538315789469944
2025-07-07 09:00:00+00:00,85.53615960099751,low,13.76444360902187
2025-07-07 10:00:00+00:00,77.3067331670823,low,8.776601503755472
2025-07-07 11:00:00+00:00,76.55860349127181,low,3.4468721804481737
2025-07-07 12:00:00+00:00,72.81795511221945,low,-6.477255639100693
2025-07-07 13:00:00+00:00,81.29675810473816,low,-11.936533834589328
2025-07-07 14:00:00+00:00,52.36907730673317,low,-28.490075187971158
2025-07-07 15:00:00+00:00,59.60099750623441,low,-42.51345112782164
2025-07-07 16:00:00+00:00,43.89027431421446,low,-58.671390977447665
2025-07-07 17:00:00+00:00,47.880299251870326,low,-65.705977443609
2025-07-07 18:00:00+00:00,50.62344139650873,low,-69.35221804511352
2025-07-07 19:00:00+00:00,52.119700748129674,low,-71.1213458646652
2025-07-07 20:00:00+00:00,26.932668329177055,low,-79.60372180451456
2025-07-07 21:00:00+00:00,32.917705735660846,low,-79.58113533834765
2025-07-07 22:00:00+00:00,25.935162094763093,low,-74.93383458646846
2025-07-07 23:00:00+00:00,44.88778054862843,low,-64.38802255638973
2025-07-08 00:00:00+00:00,30.92269326683292,low,-55.73584210526522
2025-07-08 01:00:00+00:00,17.955112219451372,low,-55.10644360902437
2025-07-08 02:00:00+00:00,19.70074812967581,low,-56.35910526315888
2025-07-08 03:00:00+00:00,20.698254364089774,low,-49.637436090229386
2025-07-08 04:00:00+00:00,19.45137157107232,low,-40.27003759398635
2025-07-08 05:00:00+00:00,22.942643391521198,low,-29.239646616542668
2025-07-08 06:00:00+00:00,29.925187032418954,low,-18.90118045112848
2025-07-08 07:00:00+00:00,29.925187032418954,low,-5.722849624060754
2025-07-08 08:00:00+00:00,21.94513715710723,low,-0.14324812030465828
2025-07-08 09:00:00+00:00,27.18204488778055,low,11.529390977439745
2025-07-08 10:00:00+00:00,50.62344139650873,low,23.53196992481239
2025-07-08 11:00:00+00:00,58.104738154613464,low,34.62296240601445
2025-07-08 12:00:00+00:00,71.07231920199501,low,42.786691729323124
2025-07-08 13:00:00+00:00,67.08229426433915,low,50.17557894736755
2025-07-08 14:00:00+00:00,31.421446384039903,low,47.799406015036766
2025-07-08 15:00:00+00:00,35.41147132169576,low,43.86448120300719
2025-07-08 16:00:00+00:00,50.12468827930174,low,39.37287218044921
2025-07-08 17:00:00+00:00,79.30174563591022,low,46.353466165408896
2025-07-08 18:00:00+00:00,86.78304239401497,low,51.999037593984234
2025-07-08 19:00:00+00:00,81.29675810473816,low,54.42906766917039
2025-07-08 20:00:00+00:00,76.05985037406484,low,54.659631578943596
2025-07-08 21:00:00+00:00,83.29177057356608,low,48.70416541353127
2025-07-08 22:00:00+00:00,82.04488778054862,low,42.32006766917154
2025-07-08 23:00:00+00:00,81.54613466334165,low,36.42734586466007
2025-07-09 00:00:00+00:00,77.80548628428927,low,31.10604511277977
2025-07-09 01:00:00+00:00,68.5785536159601,low,25.145969924808124
2025-07-09 02:00:00+00:00,71.82044887780549,low,17.31324060150077
2025-07-09 03:00:00+00:00,69.82543640897757,low,8.572082706764334
2025-07-09 04:00:00+00:00,79.30174563591022,low,-0.9841503759417901
2025-07-09 05:00:00+00:00,83.79052369077307,low,-4.492984962408589
2025-07-09 06:00:00+00:00,87.28179551122194,low,-1.8526090225592158
2025-07-09 07:00:00+00:00,85.53615960099751,low,-2.224007518798761
2025-07-09 08:00:00+00:00,86.53366583541147,low,-0.34818045112767687
2025-07-09 09:00:00+00:00,87.53117206982543,low,4.8801804511242866
2025-07-09 10:00:00+00:00,87.03241895261846,low,2.0691729323282817
2025-07-09 11:00:00+00:00,89.02743142144638,low,-0.9685413533858159
2025-07-09 12:00:00+00:00,91.02244389027432,low,1.3990676691680168
2025-07-09 13:00:00+00:00,90.27431421446383,low,9.039458646614658
2025-07-09 14:00:00+00:00,86.0349127182045,low,14.808624060148833
2025-07-09 15:00:00+00:00,85.785536159601,low,17.46112030074952
2025-07-09 16:00:00+00:00,86.28428927680798,low,22.251503759394566
2025-07-09 17:00:00+00:00,83.54114713216958,low,26.528150375938353
2025-07-09 18:00:00+00:00,87.78054862842892,low,36.07879699247978
2025-07-09 19:00:00+00:00,92.76807980049875,medium,76.41372932330523
2025-07-09 20:00:00+00:00,93.01745635910224,high,97.98625563909434
2025-07-09 21:00:00+00:00,93.51620947630923,high,115.84676691728953
2025-07-09 22:00:00+00:00,94.2643391521197,high,136.02559398496135
2025-07-09 23:00:00+00:00,95.01246882793018,high,146.2087669172904
2025-07-10 00:00:00+00:00,93.01745635910224,high,150.35943609022314
2025-07-10 01:00:00+00:00,93.51620947630923,high,158.40193984962153
2025-07-10 02:00:00+00:00,95.01246882793018,high,164.1412030075175
2025-07-10 03:00:00+00:00,95.01246882793018,high,162.33578947368045
2025-07-10 04:00:00+00:00,95.51122194513717,high,157.1087518796965
2025-07-10 05:00:00+00:00,94.76309226932669,high,148.9406541353353
2025-07-10 06:00:00+00:00,94.0149625935162,high,141.5398421052604
2025-07-10 07:00:00+00:00,92.26932668329178,high,133.08153383458463
2025-07-10 08:00:00+00:00,92.01995012468828,high,125.70766917293068
2025-07-10 09:00:00+00:00,89.77556109725685,high,110.4129624060114
2025-07-10 10:00:00+00:00,92.26932668329178,high,88.51917293232893
2025-07-10 11:00:00+00:00,91.02244389027432,high,65.05644360902089
2025-07-10 12:00:00+00:00,91.77057356608479,high,41.83359398495895
2025-07-10 13:00:00+00:00,91.52119700748129,high,11.628563909774797
2025-07-10 14:00:00+00:00,89.02743142144638,high,-8.818639097746201
2025-07-10 15:00:00+00:00,85.53615960099751,low,5.408834586461842
2025-07-10 16:00:00+00:00,93.01745635910224,medium,21.451413533833097
2025-07-10 17:00:00+00:00,94.76309226932669,medium,51.6455939849599
2025-07-10 18:00:00+00:00,94.2643391521197,medium,82.04842857142503
2025-07-10 19:00:00+00:00,93.76558603491272,medium,105.35874436089831
2025-07-10 20:00:00+00:00,94.76309226932669,medium,123.28265413533518
2025-07-10 21:00:00+00:00,98.25436408977556,high,184.46287218044756
2025-07-10 22:00:00+00:00,98.25436408977556,high,231.16633834586293
2025-07-10 23:00:00+00:00,97.75561097256858,high,268.4821654135328
2025-07-11 00:00:00+00:00,98.25436408977556,high,293.5771503759386
2025-07-11 01:00:00+00:00,98.50374064837905,high,316.37103759398076
2025-07-11 02:00:00+00:00,98.00498753117208,high,344.22006766917065
2025-07-11 03:00:00+00:00,97.75561097256858,high,366.8246390977428
2025-07-11 04:00:00+00:00,97.75561097256858,high,381.5038496240589
2025-07-11 05:00:00+00:00,97.75561097256858,high,398.06348120300623
2025-07-11 06:00:00+00:00,98.00498753117208,high,402.0842932330812
2025-07-11 07:00:00+00:00,98.00498753117208,high,393.42381954887
2025-07-11 08:00:00+00:00,98.50374064837905,high,378.8499248120276
2025-07-11 09:00:00+00:00,98.75311720698254,high,359.7389699248091
2025-07-11 10:00:00+00:00,98.50374064837905,high,329.20956390977085
2025-07-11 11:00:00+00:00,98.25436408977556,high,288.7775112781911
2025-07-11 12:00:00+00:00,98.00498753117208,high,259.00520300751816
2025-07-11 13:00:00+00:00,98.00498753117208,high,239.9901954887171
2025-07-11 14:00:00+00:00,98.25436408977556,high,207.90652631578692
2025-07-11 15:00:00+00:00,96.25935162094763,high,153.63177443608504
2025-07-11 16:00:00+00:00,96.00997506234414,high,103.9750601503752
2025-07-11 17:00:00+00:00,97.01492537313433,medium,99.30307518796747
2025-07-11 18:00:00+00:00,96.26865671641791,medium,86.06138345864596
2025-07-11 19:00:00+00:00,95.77114427860697,medium,76.23620300751487
2025-07-11 20:00:00+00:00,94.5273631840796,medium,50.28542857142755
2025-07-11 21:00:00+00:00,91.54228855721394,medium,26.5325112781937
2025-07-11 22:00:00+00:00,81.59203980099502,medium,11.3677593984943
2025-07-11 23:00:00+00:00,84.07960199004975,medium,-3.1738947368435233
2025-07-12 00:00:00+00:00,74.87562189054727,medium,-19.8208045112799
2025-07-12 01:00:00+00:00,88.05970149253731,medium,-18.94415789473841
2025-07-12 02:00:00+00:00,86.31840796019901,low,-21.731646616542363
2025-07-12 03:00:00+00:00,88.30845771144278,low,-23.87221804511443
2025-07-12 04:00:00+00:00,67.41293532338308,low,-21.299421052637104
2025-07-12 05:00:00+00:00,74.6268656716418,low,-9.647390977445905
2025-07-12 06:00:00+00:00,81.09452736318407,low,-2.2471052631609347
2025-07-12 07:00:00+00:00,79.35323383084577,low,1.1496015037580145
2025-07-12 08:00:00+00:00,72.13930348258707,low,8.392609022554803
2025-07-12 09:00:00+00:00,77.61194029850746,low,20.58513533834338
2025-07-12 10:00:00+00:00,76.3681592039801,low,29.290172932328982
2025-07-12 11:00:00+00:00,69.15422885572139,low,18.75884210526022
2025-07-12 12:00:00+00:00,43.78109452736319,low,11.0406015037573
2025-07-12 13:00:00+00:00,35.07462686567165,low,6.108992481198206
2025-07-12 14:00:00+00:00,26.616915422885572,low,0.6616992481187437
2025-07-12 15:00:00+00:00,16.91542288557214,low,-1.913308270678928
2025-07-12 16:00:00+00:00,18.90547263681592,low,-8.686375939851391
2025-07-12 17:00:00+00:00,26.616915422885572,low,-11.345180451131425
2025-07-12 18:00:00+00:00,26.616915422885572,low,-13.490090225566139
2025-07-12 19:00:00+00:00,25.621890547263682,low,-16.18899248120585
2025-07-12 20:00:00+00:00,14.676616915422885,low,-28.349601503762912
2025-07-12 21:00:00+00:00,25.12437810945274,low,-29.594556390976546
2025-07-12 22:00:00+00:00,22.63681592039801,low,-32.73363909774637
2025-07-12 23:00:00+00:00,23.88059701492537,low,-32.30111278196152
2025-07-13 00:00:00+00:00,26.119402985074625,low,-34.840646616543324
2025-07-13 01:00:00+00:00,27.363184079601986,low,-32.81112030075589
2025-07-13 02:00:00+00:00,25.870646766169152,low,-27.130338345865447
2025-07-13 03:00:00+00:00,26.865671641791046,low,-21.02500751879855
2025-07-13 04:00:00+00:00,42.28855721393035,low,-10.036654135341553
2025-07-13 05:00:00+00:00,33.33333333333333,low,2.942090225565784
2025-07-13 06:00:00+00:00,44.527363184079604,low,17.070308270672847
2025-07-13 07:00:00+00:00,57.960199004975124,low,28.840037593981947
2025-07-13 08:00:00+00:00,47.76119402985074,low,34.90314285714022
2025-07-13 09:00:00+00:00,36.56716417910448,low,37.2769473684184
2025-07-13 10:00:00+00:00,40.79601990049751,low,37.67204511278091
2025-07-13 11:00:00+00:00,69.90049751243781,low,37.586451127820304
2025-07-13 12:00:00+00:00,84.07960199004975,low,42.62143609021989
2025-07-13 13:00:00+00:00,81.09452736318407,low,52.86827067668735
2025-07-13 14:00:00+00:00,80.84577114427861,low,64.0595037593954
2025-07-13 15:00:00+00:00,79.8507462686567,low,72.74019548871897
2025-07-13 16:00:00+00:00,74.6268656716418,low,69.34379699247958
2025-07-13 17:00:00+00:00,84.32835820895522,low,73.42857894736841
2025-07-13 18:00:00+00:00,87.56218905472637,low,78.29821804511069
2025-07-13 19:00:00+00:00,82.83582089552239,low,80.84542105263176
2025-07-13 20:00:00+00:00,87.31343283582089,low,81.18496992481197
2025-07-13 21:00:00+00:00,61.940298507462686,low,76.40256390977196
2025-07-13 22:00:00+00:00,55.72139303482587,low,69.18398496240567
2025-07-13 23:00:00+00:00,72.13930348258707,low,70.81619548871707
2025-07-14 00:00:00+00:00,75.12437810945273,low,72.06673684210111
2025-07-14 01:00:00+00:00,82.58706467661692,low,70.21669924811914
2025-07-14 02:00:00+00:00,87.06467661691542,low,76.19857142856861
2025-07-14 03:00:00+00:00,91.54228855721394,low,97.02735338345079
2025-07-14 04:00:00+00:00,94.5273631840796,low,121.37142857142508
2025-07-14 05:00:00+00:00,93.28358208955224,medium,153.14433834586055
2025-07-14 06:00:00+00:00,89.55223880597015,medium,173.22609774435907
2025-07-14 07:00:00+00:00,93.03482587064677,medium,200.47655639097457
2025-07-14 08:00:00+00:00,90.54726368159204,medium,224.14151127819238
2025-07-14 09:00:00+00:00,90.04975124378109,medium,235.7487067669145
2025-07-14 10:00:00+00:00,92.03980099502488,medium,243.80036090225553
2025-07-14 11:00:00+00:00,88.80597014925374,medium,239.3765714285697
2025-07-14 12:00:00+00:00,90.54726368159204,medium,234.91188721804315
2025-07-14 13:00:00+00:00,89.05472636815921,medium,225.0965037593966
2025-07-14 14:00:00+00:00,75.12437810945273,medium,207.4994661654146
2025-07-14 15:00:00+00:00,40.049751243781095,high,167.8501654135329
2025-07-14 16:00:00+00:00,66.66666666666666,high,134.33678947368114
2025-07-14 17:00:00+00:00,48.756218905472636,high,86.85618045112724
2025-07-14 18:00:00+00:00,17.412935323383085,high,31.872353383453056
2025-07-14 19:00:00+00:00,19.402985074626866,high,-11.6495939849691
2025-07-14 20:00:00+00:00,21.393034825870647,high,-53.60014285714242
2025-07-14 21:00:00+00:00,29.35323383084577,high,-98.48172180451624
2025-07-14 22:00:00+00:00,27.611940298507463,high,-135.8121203007538
2025-07-14 23:00:00+00:00,25.870646766169152,medium,-159.43535338346084
2025-07-15 00:00:00+00:00,14.427860696517413,medium,-176.33592481203337
2025-07-15 01:00:00+00:00,12.686567164179104,medium,-188.839533834591
2025-07-15 02:00:00+00:00,10.945273631840797,medium,-203.08974436090503
2025-07-15 03:00:00+00:00,10.945273631840797,medium,-217.70318045113268
2025-07-15 04:00:00+00:00,11.194029850746269,medium,-221.66662406015197
2025-07-15 05:00:00+00:00,11.442786069651742,medium,-229.58214285714533
2025-07-15 06:00:00+00:00,12.189054726368159,medium,-235.37979699248353
2025-07-15 07:00:00+00:00,12.935323383084576,medium,-244.98958646616725
2025-07-15 08:00:00+00:00,11.940298507462686,medium,-240.4558796992529
2025-07-15 09:00:00+00:00,12.437810945273633,medium,-231.43015789474248
2025-07-15 10:00:00+00:00,13.930348258706468,medium,-220.32333834586703
2025-07-15 11:00:00+00:00,14.17910447761194,medium,-221.8154210526377
2025-07-15 12:00:00+00:00,13.681592039800993,medium,-211.69416541353533
2025-07-15 13:00:00+00:00,25.12437810945274,medium,-190.2172857142863
2025-07-15 14:00:00+00:00,12.437810945273633,high,-199.7053383458679
2025-07-15 15:00:00+00:00,29.1044776119403,high,-193.60021052631717
2025-07-15 16:00:00+00:00,49.75124378109453,high,-167.18542857143248
2025-07-15 17:00:00+00:00,79.35323383084577,high,-135.73391729323527
2025-07-15 18:00:00+00:00,66.4179104477612,high,-109.26642857143051
2025-07-15 19:00:00+00:00,38.55721393034826,high,-85.52347368421441
2025-07-15 20:00:00+00:00,53.73134328358209,high,-62.00772932331102
2025-07-15 21:00:00+00:00,79.35323383084577,high,-34.48409774435894
2025-07-15 22:00:00+00:00,83.5820895522388,high,-4.5812932330882195
2025-07-15 23:00:00+00:00,92.03980099502488,high,7.553909774432945
2025-07-16 00:00:00+00:00,92.28855721393035,high,29.08322556390865
2025-07-16 01:00:00+00:00,91.29353233830845,high,41.814962406012874
2025-07-16 02:00:00+00:00,76.86567164179104,high,43.96933082706347
2025-07-16 03:00:00+00:00,79.1044776119403,high,43.51416541353273
2025-07-16 04:00:00+00:00,85.3233830845771,high,43.66426315789366
2025-07-16 05:00:00+00:00,90.29850746268657,high,46.45730827067444
2025-07-16 06:00:00+00:00,94.02985074626866,high,57.15242105262855
2025-07-16 07:00:00+00:00,95.02487562189054,high,66.24896992481008
2025-07-16 08:00:00+00:00,94.77611940298507,high,82.4490676691702
2025-07-16 09:00:00+00:00,95.02487562189054,high,117.40521804511147
2025-07-16 10:00:00+00:00,91.7910447761194,medium,111.32790977443355
2025-07-16 11:00:00+00:00,93.03482587064677,medium,107.66812781954727
2025-07-16 12:00:00+00:00,93.53233830845771,medium,110.78725563909369
2025-07-16 13:00:00+00:00,91.54228855721394,medium,115.92048872180308
2025-07-16 14:00:00+00:00,95.52238805970148,medium,113.83772932330798
2025-07-16 15:00:00+00:00,93.53233830845771,medium,104.00509022556231
2025-07-16 16:00:00+00:00,96.26865671641791,medium,92.9915639097739
2025-07-16 17:00:00+00:00,96.76616915422885,low,92.45509022556001
2025-07-16 18:00:00+00:00,96.26865671641791,low,100.22651879699215
2025-07-16 19:00:00+00:00,95.27363184079603,low,100.33604511278058
2025-07-16 20:00:00+00:00,96.26865671641791,low,113.71689473684056
2025-07-16 21:00:00+00:00,97.2636815920398,low,109.3226917293193
2025-07-16 22:00:00+00:00,93.78109452736318,medium,86.73163157894666
2025-07-16 23:00:00+00:00,91.7910447761194,medium,64.6367894736843
2025-07-17 00:00:00+00:00,92.28855721393035,medium,46.45309774435989
2025-07-17 01:00:00+00:00,81.34328358208955,medium,19.932646616536186
2025-07-17 02:00:00+00:00,84.32835820895522,medium,1.9932857142818299
2025-07-17 03:00:00+00:00,65.17412935323384,medium,-20.284586466166402
2025-07-17 04:00:00+00:00,75.12437810945273,medium,-29.312954887218634
2025-07-17 05:00:00+00:00,82.33830845771143,medium,-28.77656390977351
2025-07-17 06:00:00+00:00,86.06965174129353,medium,-36.467781954892324
2025-07-17 07:00:00+00:00,87.31343283582089,medium,-45.225127819551574
2025-07-17 08:00:00+00:00,87.81094527363184,medium,-55.47810526316125
2025-07-17 09:00:00+00:00,89.30348258706468,medium,-57.6762180451156
2025-07-17 10:00:00+00:00,87.06467661691542,medium,-60.47834586466548
2025-07-17 11:00:00+00:00,82.83582089552239,medium,-66.51615037594111
2025-07-17 12:00:00+00:00,86.56716417910447,medium,-69.62900000000079
2025-07-17 13:00:00+00:00,79.1044776119403,medium,-68.12290977443952
2025-07-17 14:00:00+00:00,81.34328358208955,medium,-51.51259398496711
2025-07-17 15:00:00+00:00,73.6318407960199,medium,-36.65443609023038
2025-07-17 16:00:00+00:00,39.800995024875625,medium,-14.969270676695452
2025-07-17 17:00:00+00:00,63.681592039801,medium,8.949646616540655
2025-07-17 18:00:00+00:00,61.19402985074627,medium,27.078699248116113
2025-07-17 19:00:00+00:00,29.601990049751244,medium,34.79054135337685
2025-07-17 20:00:00+00:00,34.82587064676617,medium,52.991285714282434
2025-07-17 21:00:00+00:00,61.940298507462686,medium,70.55216541353153
2025-07-17 22:00:00+00:00,74.6268656716418,medium,80.55603007518711
2025-07-17 23:00:00+00:00,66.66666666666666,medium,76.79801503758772
2025-07-18 00:00:00+00:00,84.07960199004975,medium,85.1148721804505
2025-07-18 01:00:00+00:00,90.04975124378109,medium,101.69149624059574
2025-07-18 02:00:00+00:00,88.80597014925374,medium,110.07776691729107
2025-07-18 03:00:00+00:00,90.79601990049751,medium,115.57887969924766
2025-07-18 04:00:00+00:00,94.27860696517413,medium,121.08449624060029
2025-07-18 05:00:00+00:00,95.77114427860697,medium,133.0608796992457
2025-07-18 06:00:00+00:00,94.02985074626866,medium,130.6784661654128
2025-07-18 07:00:00+00:00,88.05970149253731,medium,106.95357142856571
2025-07-18 08:00:00+00:00,86.81592039800995,medium,69.22278195488398
2025-07-18 09:00:00+00:00,89.30348258706468,medium,40.20646616541341
2025-07-18 10:00:00+00:00,88.80597014925374,medium,23.38593984962307
2025-07-18 11:00:00+00:00,84.32835820895522,medium,6.463360902250459
2025-07-18 12:00:00+00:00,93.03482587064677,medium,-12.127473684212749
2025-07-18 13:00:00+00:00,88.05970149253731,medium,-30.507112781958156
2025-07-18 14:00:00+00:00,72.88557213930348,medium,-52.172218045114384
2025-07-18 15:00:00+00:00,49.50248756218906,medium,-85.46302255639358
2025-07-18 16:00:00+00:00,60.94527363184079,medium,-113.9491278195512
2025-07-18 17:00:00+00:00,64.17910447761194,medium,-125.74800000000423
2025-07-18 18:00:00+00:00,42.53731343283582,medium,-145.64253383458717
2025-07-18 19:00:00+00:00,42.53731343283582,medium,-170.2313609022581
2025-07-18 20:00:00+00:00,20.398009950248756,medium,-182.81142105263658
2025-07-18 21:00:00+00:00,31.8407960199005,medium,-178.55921052631774
2025-07-18 22:00:00+00:00,21.890547263681594,medium,-174.00506015037755
2025-07-18 23:00:00+00:00,31.592039800995025,medium,-160.3781503759428
2025-07-19 00:00:00+00:00,13.184079601990051,medium,-143.0930827067684
2025-07-19 01:00:00+00:00,20.64676616915423,medium,-114.61363909774282
2025-07-19 02:00:00+00:00,30.845771144278604,medium,-85.29946616541393
2025-07-19 03:00:00+00:00,58.457711442786064,low,-65.55872180451199
2025-07-19 04:00:00+00:00,60.94527363184079,low,-57.98342857143273
2025-07-19 05:00:00+00:00,50.24875621890548,low,-44.9500827067689
2025-07-19 06:00:00+00:00,39.0547263681592,low,-25.572127819554915
2025-07-19 07:00:00+00:00,28.109452736318406,low,-5.833436090228402
2025-07-19 08:00:00+00:00,21.890547263681594,low,18.82713533834263
2025-07-19 09:00:00+00:00,19.402985074626866,low,36.97499999999997
2025-07-19 10:00:00+00:00,20.149253731343283,low,48.718721804507865
2025-07-19 11:00:00+00:00,15.422885572139302,low,53.974924812027986
2025-07-19 12:00:00+00:00,18.90547263681592,low,52.46990225563487
2025-07-19 13:00:00+00:00,15.671641791044777,low,49.894992481198
2025-07-19 14:00:00+00:00,10.945273631840797,low,34.43936842104855
2025-07-19 15:00:00+00:00,14.676616915422885,low,25.028428571428883
2025-07-19 16:00:00+00:00,18.610421836228287,low,13.865654135335976
2025-07-19 17:00:00+00:00,13.151364764267989,low,3.7702932330795824
2025-07-19 18:00:00+00:00,21.83622828784119,low,-5.6862255639084855
2025-07-19 19:00:00+00:00,50.37220843672456,low,-9.473744360902748
2025-07-19 20:00:00+00:00,52.605459057071954,low,-20.42182706767425
2025-07-19 21:00:00+00:00,41.935483870967744,low,-26.853067669173857
2025-07-19 22:00:00+00:00,47.8908188585608,low,-28.947345864663642
2025-07-19 23:00:00+00:00,60.049627791563275,low,-27.83772180451593
2025-07-20 00:00:00+00:00,48.635235732009924,low,-27.50474436090679
2025-07-20 01:00:00+00:00,55.33498759305211,low,-25.773984962409326
2025-07-20 02:00:00+00:00,60.049627791563275,low,-23.88363157894982
2025-07-20 03:00:00+00:00,74.68982630272953,low,-21.901413533838543
2025-07-20 04:00:00+00:00,72.7047146401985,low,-20.692511278199134
2025-07-20 05:00:00+00:00,83.12655086848635,low,-18.47802255639396
2025-07-20 06:00:00+00:00,78.16377171215882,low,-12.890383458649506
2025-07-20 07:00:00+00:00,87.09677419354838,low,-5.2371278195524
2025-07-20 08:00:00+00:00,94.78908188585608,low,3.2590375939814855
2025-07-20 09:00:00+00:00,93.54838709677419,low,7.640413533833557
2025-07-20 10:00:00+00:00,92.3076923076923,low,3.86912781954447
2025-07-20 11:00:00+00:00,94.29280397022333,low,5.785045112781184
2025-07-20 12:00:00+00:00,95.53349875930522,low,9.599616541351779
2025-07-20 13:00:00+00:00,96.52605459057072,low,15.37011278195319
2025-07-20 14:00:00+00:00,96.27791563275434,low,21.75813533834368
2025-07-20 15:00:00+00:00,97.27722772277228,low,32.47477443608504
2025-07-20 16:00:00+00:00,97.52475247524752,low,36.02975939849493
2025-07-20 17:00:00+00:00,95.79207920792079,low,30.399601503756827
2025-07-20 18:00:00+00:00,96.53465346534654,low,30.57660150375472
2025-07-20 19:00:00+00:00,96.03960396039604,low,27.686669172930678
2025-07-20 20:00:00+00:00,95.79207920792079,low,24.976458646613843
2025-07-20 21:00:00+00:00,95.54455445544554,low,20.748210526312796
2025-07-20 22:00:00+00:00,92.07920792079209,low,9.497203007517662
2025-07-20 23:00:00+00:00,91.0891089108911,low,-4.281887218046865
2025-07-21 00:00:00+00:00,89.60396039603961,low,-15.903827067671525
2025-07-21 01:00:00+00:00,87.12871287128714,low,-28.914060150379257
2025-07-21 02:00:00+00:00,93.56435643564357,low,-28.921127819551707
2025-07-21 03:00:00+00:00,95.79207920792079,low,-23.087706766921183
2025-07-21 04:00:00+00:00,95.29702970297029,low,-16.930812030077874
2025-07-21 05:00:00+00:00,96.53465346534654,low,-13.39495488722197
2025-07-21 06:00:00+00:00,97.02970297029702,low,-0.47229323308684823
2025-07-21 07:00:00+00:00,96.03960396039604,low,13.133187969919737
2025-07-21 08:00:00+00:00,96.03960396039604,medium,22.83415037593899
2025-07-21 09:00:00+00:00,95.04950495049505,medium,31.70706766916941
2025-07-21 10:00:00+00:00,96.78217821782178,medium,39.377406015034076
2025-07-21 11:00:00+00:00,96.03960396039604,medium,42.82654887217827
2025-07-21 12:00:00+00:00,95.79207920792079,medium,46.856368421050746
2025-07-21 13:00:00+00:00,97.02970297029702,medium,52.39855639097693
2025-07-21 14:00:00+00:00,97.27722772277228,medium,62.06051127819277
2025-07-21 15:00:00+00:00,93.06930693069307,medium,60.385962406013476
2025-07-21 16:00:00+00:00,83.41584158415841,medium,49.20004511277958
2025-07-21 17:00:00+00:00,87.87128712871286,medium,38.68412030074999
2025-07-21 18:00:00+00:00,75.99009900990099,medium,10.422263157892528
2025-07-21 19:00:00+00:00,58.415841584158414,medium,-26.390947368423884
2025-07-21 20:00:00+00:00,60.396039603960396,medium,-58.6300902255662
2025-07-21 21:00:00+00:00,69.80198019801979,medium,-87.03745112782194
2025-07-21 22:00:00+00:00,81.68316831683168,medium,-99.53430827067973
2025-07-21 23:00:00+00:00,83.16831683168317,medium,-106.85206766917489
2025-07-22 00:00:00+00:00,59.4059405940594,medium,-117.44023308270909
2025-07-22 01:00:00+00:00,81.93069306930693,medium,-115.70754887218396
2025-07-22 02:00:00+00:00,50.495049504950494,medium,-111.60024060150415
2025-07-22 03:00:00+00:00,37.62376237623762,medium,-98.61600751879737
2025-07-22 04:00:00+00:00,12.623762376237623,medium,-97.21230827067863
2025-07-22 05:00:00+00:00,17.07920792079208,medium,-86.20545112782442
2025-07-22 06:00:00+00:00,21.782178217821784,medium,-67.51945112782195
2025-07-22 07:00:00+00:00,17.82178217821782,medium,-53.80610526316305
2025-07-22 08:00:00+00:00,15.099009900990099,medium,-33.96605263158234
2025-07-22 09:00:00+00:00,16.831683168316832,medium,-2.3039398496280326
2025-07-22 10:00:00+00:00,24.504950495049506,medium,37.888781954885985
2025-07-22 11:00:00+00:00,24.752475247524753,medium,72.58869924811624
2025-07-22 12:00:00+00:00,21.287128712871286,medium,98.9297518796922
2025-07-22 13:00:00+00:00,13.861386138613863,medium,108.2894060150335
2025-07-22 14:00:00+00:00,23.01980198019802,medium,119.40475939849534
2025-07-22 15:00:00+00:00,23.26732673267327,medium,119.32199999999554
2025-07-22 16:00:00+00:00,25.99009900990099,medium,115.42929323307862
2025-07-22 17:00:00+00:00,21.03960396039604,medium,120.67463157894322
2025-07-22 18:00:00+00:00,35.396039603960396,medium,132.68036842105005
2025-07-22 19:00:00+00:00,17.82178217821782,medium,135.14454887217877
2025-07-22 20:00:00+00:00,37.12871287128713,medium,136.7131428571406
2025-07-22 21:00:00+00:00,53.21782178217822,medium,139.95934586466225
2025-07-22 22:00:00+00:00,53.71287128712871,medium,135.66734586465964
2025-07-22 23:00:00+00:00,76.98019801980197,medium,131.59095488721576
2025-07-23 00:00:00+00:00,40.84158415841584,medium,107.21909774435994
2025-07-23 01:00:00+00:00,49.257425742574256,medium,89.74039849623746
2025-07-23 02:00:00+00:00,51.23762376237624,medium,71.51551879699153
2025-07-23 03:00:00+00:00,45.79207920792079,medium,46.766759398493924
2025-07-23 04:00:00+00:00,72.02970297029702,medium,31.361082706765504
2025-07-23 05:00:00+00:00,65.5940594059406,medium,11.60265413533697
2025-07-23 06:00:00+00:00,47.77227722772277,medium,-2.9760375939847523
2025-07-23 07:00:00+00:00,42.07920792079208,medium,-14.569887218050026
2025-07-23 08:00:00+00:00,56.188118811881196,medium,-21.722736842104972
2025-07-23 09:00:00+00:00,27.22772277227723,medium,-51.1338496240632
2025-07-23 10:00:00+00:00,28.465346534653463,low,-61.235413533832116
2025-07-23 11:00:00+00:00,34.4059405940594,low,-70.2624962406064
2025-07-23 12:00:00+00:00,15.841584158415841,medium,-90.33969924812172
2025-07-23 13:00:00+00:00,11.881188118811881,medium,-109.74328571428644
2025-07-23 14:00:00+00:00,16.08910891089109,medium,-106.21179699248408
2025-07-23 15:00:00+00:00,18.316831683168317,medium,-102.33473684210762
2025-07-23 16:00:00+00:00,11.633663366336634,medium,-102.94500000000194
2025-07-23 17:00:00+00:00,9.653465346534654,medium,-99.35800000000006
2025-07-23 18:00:00+00:00,11.386138613861387,medium,-83.31491729323541
2025-07-23 19:00:00+00:00,10.396039603960396,medium,-63.12660150376327
2025-07-23 20:00:00+00:00,7.673267326732673,medium,-54.08314285714596
2025-07-23 21:00:00+00:00,8.663366336633663,medium,-39.46538345864823
2025-07-23 22:00:00+00:00,9.405940594059405,medium,-23.621007518795956
2025-07-23 23:00:00+00:00,10.14851485148515,medium,-11.845263157897687
2025-07-24 00:00:00+00:00,10.396039603960396,medium,10.089112781953748
2025-07-24 01:00:00+00:00,10.891089108910892,medium,26.877203007517164
2025-07-24 02:00:00+00:00,9.653465346534654,medium,37.49313533834376
2025-07-24 03:00:00+00:00,9.900990099009901,medium,39.48682706766417
2025-07-24 04:00:00+00:00,6.683168316831684,medium,34.607421052629064
2025-07-24 05:00:00+00:00,4.9504950495049505,medium,19.582451127816714
2025-07-24 06:00:00+00:00,4.207920792079208,medium,8.488578947367547
2025-07-24 07:00:00+00:00,5.9405940594059405,medium,14.945353383454366
2025-07-24 08:00:00+00:00,7.920792079207921,medium,17.90879699248195
2025-07-24 09:00:00+00:00,6.9306930693069315,medium,6.383954887214732
2025-07-24 10:00:00+00:00,7.425742574257425,medium,4.2685563909741395
2025-07-24 11:00:00+00:00,8.415841584158416,medium,10.849842105262077
2025-07-24 12:00:00+00:00,7.673267326732673,medium,2.9045864661643894
2025-07-24 13:00:00+00:00,7.425742574257425,medium,-3.991030075189882
2025-07-24 14:00:00+00:00,13.118811881188119,medium,4.728879699243357
2025-07-24 15:00:00+00:00,11.633663366336634,medium,13.161518796989535
2025-07-24 16:00:00+00:00,7.1782178217821775,medium,4.7104135338315345
2025-07-24 17:00:00+00:00,12.128712871287128,medium,8.22551127819321
2025-07-24 18:00:00+00:00,12.623762376237623,medium,15.321601503758563
2025-07-24 19:00:00+00:00,11.633663366336634,medium,23.21458646616323
2025-07-24 20:00:00+00:00,16.33663366336634,medium,32.46302255638645
2025-07-24 21:00:00+00:00,13.118811881188119,medium,39.984285714284674
2025-07-24 22:00:00+00:00,16.33663366336634,medium,42.70951127819301
2025-07-24 23:00:00+00:00,11.138613861386139,medium,39.881744360900534
2025-07-25 00:00:00+00:00,8.91089108910891,medium,18.97535338345722
2025-07-25 01:00:00+00:00,12.623762376237623,medium,-11.201421052631613
2025-07-25 02:00:00+00:00,8.91089108910891,medium,-57.54975187970434
2025-07-25 03:00:00+00:00,7.425742574257425,medium,-100.57666165413781
2025-07-25 04:00:00+00:00,10.396039603960396,medium,-123.67024060150743
2025-07-25 05:00:00+00:00,8.663366336633663,medium,-155.5896390977419
2025-07-25 06:00:00+00:00,10.14851485148515,medium,-188.1706766917317
2025-07-25 07:00:00+00:00,12.376237623762377,medium,-212.0260526315787
2025-07-25 08:00:00+00:00,13.861386138613863,medium,-233.70995488721871
2025-07-25 09:00:00+00:00,34.65346534653465,medium,-243.3172330827063
2025-07-25 10:00:00+00:00,37.12871287128713,medium,-232.59663909774676
2025-07-25 11:00:00+00:00,43.31683168316832,medium,-213.82303759398835
2025-07-25 12:00:00+00:00,43.31683168316832,medium,-206.3523834586492
2025-07-25 13:00:00+00:00,47.02970297029702,medium,-184.2980601503788
2025-07-25 14:00:00+00:00,12.376237623762377,medium,-177.0612180451146
2025-07-25 15:00:00+00:00,16.08910891089109,high,-154.31714285714781
2025-07-25 16:00:00+00:00,26.732673267326735,high,-123.68596992481673
2025-07-25 17:00:00+00:00,24.257425742574256,high,-94.35154887217979
2025-07-25 18:00:00+00:00,26.48514851485149,high,-58.77359398496466
2025-07-25 19:00:00+00:00,26.980198019801982,high,-16.728067669175505
2025-07-25 20:00:00+00:00,74.00990099009901,high,22.141924812024225
2025-07-25 21:00:00+00:00,84.9009900990099,high,59.61942105262868
2025-07-25 22:00:00+00:00,87.37623762376238,medium,82.37641353383233
2025-07-25 23:00:00+00:00,89.60396039603961,medium,93.76923308270315
2025-07-26 00:00:00+00:00,90.0990099009901,medium,110.95652631578487
2025-07-26 01:00:00+00:00,85.14851485148515,medium,111.64274436090203
2025-07-26 02:00:00+00:00,92.82178217821783,medium,110.93942857142727
2025-07-26 03:00:00+00:00,92.82178217821783,medium,107.80997744360768
2025-07-26 04:00:00+00:00,92.57425742574257,medium,99.66603759398136
2025-07-26 05:00:00+00:00,93.06930693069307,medium,100.45111278195036
2025-07-26 06:00:00+00:00,90.0990099009901,medium,102.10943609022307
2025-07-26 07:00:00+00:00,91.0891089108911,medium,105.25203007518614
2025-07-26 08:00:00+00:00,92.32673267326733,medium,103.9502105263138
2025-07-26 09:00:00+00:00,91.58415841584159,medium,102.4001879699232
2025-07-26 10:00:00+00:00,91.33663366336634,low,84.7111804511266
2025-07-26 11:00:00+00:00,90.34653465346535,low,71.80717293232786
2025-07-26 12:00:00+00:00,91.33663366336634,low,65.02957142856653
2025-07-26 13:00:00+00:00,90.84158415841584,low,56.41242857142517
2025-07-26 14:00:00+00:00,85.64356435643565,low,50.89257894736788
2025-07-26 15:00:00+00:00,88.11881188118812,low,47.04839849623846
2025-07-26 16:00:00+00:00,88.11881188118812,low,45.88627067669036
2025-07-26 17:00:00+00:00,87.62376237623762,low,45.320744360900015
2025-07-26 18:00:00+00:00,92.57425742574257,low,45.339631578944584
2025-07-26 19:00:00+00:00,93.06930693069307,low,51.368308270674135
2025-07-26 20:00:00+00:00,91.83168316831683,low,50.66005263157596
2025-07-26 21:00:00+00:00,93.06930693069307,low,44.88732330826884
2025-07-26 22:00:00+00:00,92.57425742574257,low,42.469293233080734
2025-07-26 23:00:00+00:00,83.66336633663366,low,38.324503759397466
2025-07-27 00:00:00+00:00,86.13861386138613,low,34.1033533834563
2025-07-27 01:00:00+00:00,87.87128712871286,low,30.522353383452902
2025-07-27 02:00:00+00:00,93.31683168316832,low,27.436022556390565
2025-07-27 03:00:00+00:00,89.60396039603961,low,20.3604887218025
2025-07-27 04:00:00+00:00,93.56435643564357,low,16.41463909773994
2025-07-27 05:00:00+00:00,93.06930693069307,low,12.54375939849283
2025-07-27 06:00:00+00:00,90.0990099009901,low,13.788969924809454
2025-07-27 07:00:00+00:00,87.37623762376238,low,9.111842105260543
2025-07-27 08:00:00+00:00,80.6930693069307,low,4.055360902254808
2025-07-27 09:00:00+00:00,70.79207920792079,low,2.1834060150375256
2025-07-27 10:00:00+00:00,87.87128712871286,low,3.075654135337666
2025-07-27 11:00:00+00:00,84.15841584158416,low,3.2126090225575012
2025-07-27 12:00:00+00:00,87.87128712871286,low,3.016015037589834
2025-07-27 13:00:00+00:00,83.16831683168317,low,3.6388045112765735
2025-07-27 14:00:00+00:00,80.44554455445545,low,8.03436090225393
2025-07-27 15:00:00+00:00,83.66336633663366,low,16.437556390977786
2025-07-27 16:00:00+00:00,88.61386138613861,low,27.16454135338059
2025-07-27 17:00:00+00:00,90.34653465346535,low,38.84441353382899
2025-07-27 18:00:00+00:00,91.0891089108911,low,45.922451127816615
2025-07-27 19:00:00+00:00,86.63366336633663,low,49.22490977443453
2025-07-27 20:00:00+00:00,86.38613861386139,low,48.52786466165283
2025-07-27 21:00:00+00:00,88.86138613861387,low,56.30203007518927
2025-07-27 22:00:00+00:00,90.5940594059406,low,68.88751879699169
2025-07-27 23:00:00+00:00,88.61386138613861,low,76.54556390977136
2025-07-28 00:00:00+00:00,87.62376237623762,low,80.3047067669164
2025-07-28 01:00:00+00:00,80.44554455445545,low,80.62696240601163
2025-07-28 02:00:00+00:00,89.60396039603961,low,85.2853233082683
2025-07-28 03:00:00+00:00,90.5940594059406,low,83.45136842105266
2025-07-28 04:00:00+00:00,91.0891089108911,low,76.52867669173014
2025-07-28 05:00:00+00:00,92.57425742574257,low,71.99757142856816
2025-07-28 06:00:00+00:00,91.33663366336634,low,67.77660902255276
2025-07-28 07:00:00+00:00,87.37623762376238,low,52.05565413533789
2025-07-28 08:00:00+00:00,88.11881188118812,low,37.94390977443128
2025-07-28 09:00:00+00:00,88.11881188118812,low,21.994917293231453
2025-07-28 10:00:00+00:00,86.63366336633663,low,6.049947368417587
2025-07-28 11:00:00+00:00,82.92079207920791,low,-6.927593984965291
2025-07-28 12:00:00+00:00,74.75247524752476,low,-12.045992481203593
2025-07-28 13:00:00+00:00,35.148514851485146,low,-20.981894736843493
2025-07-28 14:00:00+00:00,17.82178217821782,low,-37.9530526315784
2025-07-28 15:00:00+00:00,16.584158415841586,low,-51.636015037597815
2025-07-28 16:00:00+00:00,15.346534653465346,low,-69.47495488722198
2025-07-28 17:00:00+00:00,13.118811881188119,low,-83.3023533834638
2025-07-28 18:00:00+00:00,11.386138613861387,low,-89.55177443608852
2025-07-28 19:00:00+00:00,11.138613861386139,low,-90.30012030075198
2025-07-28 20:00:00+00:00,7.673267326732673,low,-92.18680451128132
2025-07-28 21:00:00+00:00,8.16831683168317,low,-94.53735338346256
2025-07-28 22:00:00+00:00,5.693069306930694,low,-92.83748120301202
2025-07-28 23:00:00+00:00,6.683168316831684,low,-88.0986165413555
2025-07-29 00:00:00+00:00,6.683168316831684,low,-83.79981203007924
2025-07-29 01:00:00+00:00,6.188118811881188,low,-75.71227067668941
2025-07-29 02:00:00+00:00,4.9504950495049505,low,-61.631503759401966
2025-07-29 03:00:00+00:00,6.9306930693069315,low,-44.60925563909844
2025-07-29 04:00:00+00:00,5.9405940594059405,low,-27.959736842110107
2025-07-29 05:00:00+00:00,7.673267326732673,low,-8.93488721804766
2025-07-29 06:00:00+00:00,11.386138613861387,low,7.158195488721423
2025-07-29 07:00:00+00:00,16.584158415841586,low,25.92375939849255
2025-07-29 08:00:00+00:00,15.841584158415841,low,45.47891729322988
2025-07-29 09:00:00+00:00,15.594059405940595,low,56.44913533834538
2025-07-29 10:00:00+00:00,7.1782178217821775,low,53.13391729323032
2025-07-29 11:00:00+00:00,7.920792079207921,low,56.22674436090172
2025-07-29 12:00:00+00:00,11.138613861386139,low,60.87863157894451
2025-07-29 13:00:00+00:00,7.673267326732673,low,54.43023308270318
2025-07-29 14:00:00+00:00,4.207920792079208,low,36.87016541353347
2025-07-29 15:00:00+00:00,4.702970297029703,low,17.800180451124543
2025-07-29 16:00:00+00:00,6.435643564356436,low,4.203142857135801
2025-07-29 17:00:00+00:00,7.425742574257425,low,-7.460278195489081
2025-07-29 18:00:00+00:00,6.435643564356436,low,-24.99554887218313
2025-07-29 19:00:00+00:00,5.198019801980198,low,-40.03799248120473
2025-07-29 20:00:00+00:00,4.9504950495049505,low,-55.733105263161534
2025-07-29 21:00:00+00:00,6.435643564356436,low,-72.65356390977362
2025-07-29 22:00:00+00:00,5.693069306930694,low,-80.80068421052742
2025-07-29 23:00:00+00:00,6.435643564356436,low,-76.54084210526545
2025-07-30 00:00:00+00:00,4.702970297029703,low,-77.64562406015315
2025-07-30 01:00:00+00:00,6.435643564356436,low,-71.68716541353561
2025-07-30 02:00:00+00:00,6.9306930693069315,low,-62.55811278195878
2025-07-30 03:00:00+00:00,6.683168316831684,low,-48.49158646616763
2025-07-30 04:00:00+00:00,5.693069306930694,low,-35.092443609025494
2025-07-30 05:00:00+00:00,8.415841584158416,low,-22.507278195489736
2025-07-30 06:00:00+00:00,10.396039603960396,low,-11.889654135340795
2025-07-30 07:00:00+00:00,7.920792079207921,low,0.7628646616541814
2025-07-30 08:00:00+00:00,9.900990099009901,low,22.653947368418436
2025-07-30 09:00:00+00:00,7.425742574257425,low,37.85834586465864
2025-07-30 10:00:00+00:00,7.673267326732673,low,39.10084962405811
2025-07-30 11:00:00+00:00,6.188118811881188,low,27.070052631576903
2025-07-30 12:00:00+00:00,6.683168316831684,low,22.393413533832746
2025-07-30 13:00:00+00:00,6.683168316831684,low,17.360766917291997
2025-07-30 14:00:00+00:00,11.881188118811881,low,24.675541353379888
2025-07-30 15:00:00+00:00,8.663366336633663,low,18.83411278195158
2025-07-30 16:00:00+00:00,10.396039603960396,low,8.316263157894554
2025-07-30 17:00:00+00:00,12.623762376237623,low,-0.11108270677095963
2025-07-30 18:00:00+00:00,7.920792079207921,medium,-23.293932330828703
2025-07-30 19:00:00+00:00,10.643564356435643,medium,-37.23969924812158
2025-07-30 20:00:00+00:00,11.386138613861387,medium,-49.18329323308513
2025-07-30 21:00:00+00:00,11.386138613861387,medium,-56.26065413533999
2025-07-30 22:00:00+00:00,10.643564356435643,medium,-57.693315789476756
2025-07-30 23:00:00+00:00,21.782178217821784,medium,-51.08793984962596
2025-07-31 00:00:00+00:00,38.613861386138616,medium,-38.4357293233102
2025-07-31 01:00:00+00:00,38.366336633663366,medium,-31.588135338346756
2025-07-31 02:00:00+00:00,54.70297029702971,medium,-14.57382706767229
2025-07-31 03:00:00+00:00,61.386138613861384,medium,-0.12864661654614193
2025-07-31 04:00:00+00:00,69.05940594059405,medium,18.391924812027362
2025-07-31 05:00:00+00:00,64.85148514851485,medium,31.273157894732254
2025-07-31 06:00:00+00:00,72.52475247524752,medium,46.29580451127709
2025-07-31 07:00:00+00:00,70.29702970297029,medium,52.98944360901983
2025-07-31 08:00:00+00:00,78.21782178217822,medium,59.532030075186434
2025-07-31 09:00:00+00:00,82.92079207920791,medium,63.95693984962269
2025-07-31 10:00:00+00:00,75.4950495049505,medium,81.94541353383106
2025-07-31 11:00:00+00:00,62.62376237623762,medium,87.05861654135114
2025-07-31 12:00:00+00:00,35.64356435643564,medium,91.06789473683982
2025-07-31 13:00:00+00:00,18.316831683168317,medium,93.81124060150186
2025-07-31 14:00:00+00:00,11.138613861386139,low,66.02770676691578
2025-07-31 15:00:00+00:00,15.555555555555555,low,47.982751879692344
2025-07-31 16:00:00+00:00,33.086419753086425,low,35.256842105259864
2025-07-31 17:00:00+00:00,13.333333333333334,low,11.288526315785289
2025-07-31 18:00:00+00:00,12.098765432098766,low,-11.750533834585573
2025-07-31 19:00:00+00:00,8.395061728395062,medium,-41.933804511279156
2025-07-31 20:00:00+00:00,8.88888888888889,medium,-65.32721804511571
2025-07-31 21:00:00+00:00,5.9259259259259265,medium,-91.22457142857357
2025-07-31 22:00:00+00:00,4.197530864197531,low,-116.16547368421404
2025-07-31 23:00:00+00:00,4.197530864197531,low,-140.6695488721837
2025-08-01 00:00:00+00:00,4.691358024691358,low,-165.20526315789627
2025-08-01 01:00:00+00:00,3.950617283950617,low,-188.82699248120954
2025-08-01 02:00:00+00:00,4.938271604938271,medium,-193.62421052631387
2025-08-01 03:00:00+00:00,5.185185185185185,medium,-199.27436090225592
2025-08-01 04:00:00+00:00,5.9259259259259265,medium,-200.8451428571433
2025-08-01 05:00:00+00:00,4.691358024691358,medium,-199.69532330827423
2025-08-01 06:00:00+00:00,5.185185185185185,medium,-201.44393233083008
2025-08-01 07:00:00+00:00,3.950617283950617,medium,-201.33706015037626
2025-08-01 08:00:00+00:00,3.2098765432098766,medium,-198.91239097744364
2025-08-01 09:00:00+00:00,2.955665024630542,medium,-186.93980451127845
2025-08-01 10:00:00+00:00,3.4482758620689653,medium,-182.2074135338359
2025-08-01 11:00:00+00:00,5.172413793103448,medium,-158.77387218045192
2025-08-01 12:00:00+00:00,6.65024630541872,medium,-121.06200000000177
2025-08-01 13:00:00+00:00,4.1871921182266005,medium,-111.6487744360942
2025-08-01 14:00:00+00:00,8.374384236453201,high,-80.14084962406422
2025-08-01 15:00:00+00:00,9.60591133004926,medium,-63.09369924812382
2025-08-01 16:00:00+00:00,6.403940886699508,medium,-53.07950375940177
2025-08-01 17:00:00+00:00,6.403940886699508,high,-48.95812030075466
2025-08-01 18:00:00+00:00,7.389162561576355,high,-58.293857142859984
2025-08-01 19:00:00+00:00,7.635467980295567,high,-75.51405263158028
2025-08-01 20:00:00+00:00,7.389162561576355,high,-85.49847368421226
2025-08-01 21:00:00+00:00,8.12807881773399,high,-95.6119774436089
2025-08-01 22:00:00+00:00,4.679802955665025,high,-104.27539849624335
2025-08-01 23:00:00+00:00,6.157635467980295,high,-111.47192481203518
2025-08-02 00:00:00+00:00,7.389162561576355,high,-106.884052631582
2025-08-02 01:00:00+00:00,7.635467980295567,high,-103.61850375939984
2025-08-02 02:00:00+00:00,8.620689655172415,high,-103.60240601503797
2025-08-02 03:00:00+00:00,7.8817733990147785,high,-99.61354135338338
2025-08-02 04:00:00+00:00,9.60591133004926,high,-99.56125563909995
2025-08-02 05:00:00+00:00,7.8817733990147785,high,-94.16487218045506
2025-08-02 06:00:00+00:00,5.41871921182266,high,-94.1546992481225
2025-08-02 07:00:00+00:00,8.12807881773399,high,-79.90235338345816
2025-08-02 08:00:00+00:00,4.433497536945813,high,-61.21344360902241
2025-08-02 09:00:00+00:00,5.665024630541872,medium,-61.11324060150756
2025-08-02 10:00:00+00:00,5.41871921182266,medium,-41.998706766921664
2025-08-02 11:00:00+00:00,5.41871921182266,medium,-20.534842105264662
2025-08-02 12:00:00+00:00,6.157635467980295,medium,-4.499781954889646
2025-08-02 13:00:00+00:00,6.896551724137931,medium,1.9131278195462245
2025-08-02 14:00:00+00:00,5.172413793103448,low,-4.547203007521256
2025-08-02 15:00:00+00:00,4.433497536945813,low,-21.626774436093918
2025-08-02 16:00:00+00:00,4.433497536945813,low,-23.00874436090411
2025-08-02 17:00:00+00:00,4.1871921182266005,low,-30.995879699251237
2025-08-02 18:00:00+00:00,3.9408866995073892,low,-54.74806015037686
2025-08-02 19:00:00+00:00,5.41871921182266,low,-76.20331578947638
2025-08-02 20:00:00+00:00,5.665024630541872,low,-79.89625563910161
2025-08-02 21:00:00+00:00,6.403940886699508,low,-83.23604511278435
2025-08-02 22:00:00+00:00,7.635467980295567,low,-84.86800000000179
2025-08-02 23:00:00+00:00,5.665024630541872,low,-86.46972180451353
2025-08-03 00:00:00+00:00,8.866995073891626,low,-78.33849624060542
2025-08-03 01:00:00+00:00,10.591133004926109,low,-67.1336015037616
2025-08-03 02:00:00+00:00,16.995073891625616,low,-53.236270676694105
2025-08-03 03:00:00+00:00,16.25615763546798,low,-33.33611278195723
2025-08-03 04:00:00+00:00,16.995073891625616,low,-19.551375939852587
2025-08-03 05:00:00+00:00,19.458128078817737,low,-3.1637969924832876
2025-08-03 06:00:00+00:00,26.84729064039409,low,10.279368421051396
2025-08-03 07:00:00+00:00,43.84236453201971,low,29.449203007517134
2025-08-03 08:00:00+00:00,49.26108374384236,low,45.99718045112675
2025-08-03 09:00:00+00:00,61.330049261083744,low,59.34719548871996
2025-08-03 10:00:00+00:00,74.63054187192118,low,70.24939097743905
2025-08-03 11:00:00+00:00,73.89162561576354,low,75.31596992480806
2025-08-03 12:00:00+00:00,80.04926108374384,low,86.63502255638791
2025-08-03 13:00:00+00:00,72.66009852216749,low,88.20301503759273
2025-08-03 14:00:00+00:00,72.66009852216749,low,79.58935338345869
2025-08-03 15:00:00+00:00,76.84729064039408,low,69.60481203006965
2025-08-03 16:00:00+00:00,81.03448275862068,low,66.22839097744107
2025-08-03 17:00:00+00:00,78.81773399014779,low,64.02365413533411
2025-08-03 18:00:00+00:00,85.96059113300493,low,63.72842105263231
2025-08-03 19:00:00+00:00,84.48275862068965,low,55.20378947368164
2025-08-03 20:00:00+00:00,87.4384236453202,low,52.07075939849275
2025-08-03 21:00:00+00:00,89.4088669950739,low,49.29696992480976
2025-08-03 22:00:00+00:00,89.16256157635468,low,49.41360902255423
2025-08-03 23:00:00+00:00,87.68472906403942,low,48.02645112781539
2025-08-04 00:00:00+00:00,95.8128078817734,low,53.45849624060069
2025-08-04 01:00:00+00:00,93.8423645320197,low,55.85227067669243
2025-08-04 02:00:00+00:00,94.58128078817734,low,57.52664661653961
2025-08-04 03:00:00+00:00,94.08866995073892,low,56.31247368420856
2025-08-04 04:00:00+00:00,92.61083743842364,low,50.99051127819186
2025-08-04 05:00:00+00:00,93.8423645320197,low,44.153766917293964
2025-08-04 06:00:00+00:00,93.59605911330048,low,40.54312781954536
2025-08-04 07:00:00+00:00,94.08866995073892,low,38.82229323307832
2025-08-04 08:00:00+00:00,92.36453201970444,low,36.72157142857218
2025-08-04 09:00:00+00:00,90.64039408866995,low,29.54597744360407
2025-08-04 10:00:00+00:00,92.11822660098522,low,18.413488721798657
2025-08-04 11:00:00+00:00,90.64039408866995,low,12.669887218041154
2025-08-04 12:00:00+00:00,93.59605911330048,low,5.997090225564034
2025-08-04 13:00:00+00:00,95.8128078817734,low,7.286654135333951
2025-08-04 14:00:00+00:00,94.58128078817734,low,9.000849624059141
2025-08-04 15:00:00+00:00,94.08866995073892,low,10.392496240598739
2025-08-04 16:00:00+00:00,94.82758620689656,low,19.54471428571027
2025-08-04 17:00:00+00:00,95.32019704433498,low,26.025526315788454
2025-08-04 18:00:00+00:00,93.59605911330048,low,26.251488721800406
2025-08-04 19:00:00+00:00,91.37931034482759,low,21.122090225560793
2025-08-04 20:00:00+00:00,94.08866995073892,low,26.53952631578652
2025-08-04 21:00:00+00:00,94.58128078817734,low,32.76386466165209
2025-08-04 22:00:00+00:00,95.56650246305419,low,43.38481203007496
2025-08-04 23:00:00+00:00,96.05911330049261,low,45.75372932330539
2025-08-05 00:00:00+00:00,94.58128078817734,low,42.03961654135269
2025-08-05 01:00:00+00:00,92.36453201970444,low,35.1352330827043
2025-08-05 02:00:00+00:00,92.11822660098522,low,28.426969924810713
2025-08-05 03:00:00+00:00,78.32512315270937,low,18.28743609022247
2025-08-05 04:00:00+00:00,79.3103448275862,low,8.218661654133895
2025-08-05 05:00:00+00:00,79.06403940886699,low,-4.045511278198578
2025-08-05 06:00:00+00:00,67.24137931034483,low,-20.847932330829632
2025-08-05 07:00:00+00:00,33.99014778325123,low,-36.71562406015164
2025-08-05 08:00:00+00:00,50.73891625615764,low,-48.117255639099376
2025-08-05 09:00:00+00:00,77.33990147783251,low,-45.95032330827737
2025-08-05 10:00:00+00:00,86.20689655172413,low,-44.15720300752025
2025-08-05 11:00:00+00:00,87.4384236453202,low,-41.315330827072025
2025-08-05 12:00:00+00:00,67.24137931034483,low,-43.685353383461525
2025-08-05 13:00:00+00:00,71.42857142857143,low,-39.35956390977646
2025-08-05 14:00:00+00:00,21.182266009852217,medium,-56.739864661657336
2025-08-05 15:00:00+00:00,11.330049261083744,medium,-75.5477293233115
2025-08-05 16:00:00+00:00,10.83743842364532,medium,-87.58773684211052
2025-08-05 17:00:00+00:00,13.30049261083744,medium,-85.81157142857484
2025-08-05 18:00:00+00:00,10.098522167487685,medium,-78.36469172932817
2025-08-05 19:00:00+00:00,9.35960591133005,medium,-73.06903007519088
2025-08-05 20:00:00+00:00,9.35960591133005,medium,-67.20407518797298
2025-08-05 21:00:00+00:00,7.8817733990147785,medium,-63.56676691729549
2025-08-05 22:00:00+00:00,8.374384236453201,medium,-53.029308270677404
2025-08-05 23:00:00+00:00,10.344827586206897,medium,-46.246195488723934
2025-08-06 00:00:00+00:00,6.896551724137931,medium,-41.56183458646742
2025-08-06 01:00:00+00:00,7.389162561576355,medium,-35.95120300752105
2025-08-06 02:00:00+00:00,5.911330049261084,medium,-35.87952631579282
2025-08-06 03:00:00+00:00,5.41871921182266,medium,-39.88939849624042
2025-08-06 04:00:00+00:00,5.172413793103448,medium,-39.44497744361231
2025-08-06 05:00:00+00:00,11.822660098522167,medium,-20.919330827070624
2025-08-06 06:00:00+00:00,12.31527093596059,medium,-0.1593308270698126
2025-08-06 07:00:00+00:00,22.660098522167488,medium,23.55638345864655
2025-08-06 08:00:00+00:00,13.30049261083744,medium,30.129308270674642
2025-08-06 09:00:00+00:00,18.472906403940886,medium,45.76810526316052
2025-08-06 10:00:00+00:00,11.576354679802956,low,40.243744360899015
2025-08-06 11:00:00+00:00,12.561576354679804,low,33.82060902255686
2025-08-06 12:00:00+00:00,9.852216748768473,low,24.807796992475915
2025-08-06 13:00:00+00:00,12.561576354679804,low,27.09764661653971
2025-08-06 14:00:00+00:00,41.6256157635468,low,41.62664661653941
2025-08-06 15:00:00+00:00,72.9064039408867,low,56.61715037593842
2025-08-06 16:00:00+00:00,44.58128078817734,low,66.05657894736594
2025-08-06 17:00:00+00:00,73.15270935960592,low,77.24890225563584
2025-08-06 18:00:00+00:00,70.19704433497537,low,90.0978872180448
2025-08-06 19:00:00+00:00,70.44334975369459,low,101.0770902255614
2025-08-06 20:00:00+00:00,67.98029556650246,low,103.34638345864184
2025-08-06 21:00:00+00:00,66.7487684729064,low,102.98371428570998
2025-08-06 22:00:00+00:00,70.19704433497537,low,98.47591729323307
2025-08-06 23:00:00+00:00,70.93596059113301,low,88.31492481202926
2025-08-07 00:00:00+00:00,74.38423645320196,low,73.19803759398063
2025-08-07 01:00:00+00:00,67.73399014778325,low,65.4159699248104
2025-08-07 02:00:00+00:00,65.02463054187191,low,52.88127067669187
2025-08-07 03:00:00+00:00,54.187192118226605,low,41.606819548871435
2025-08-07 04:00:00+00:00,63.05418719211823,low,22.631406015032788
2025-08-07 05:00:00+00:00,77.0935960591133,low,8.471526315785887
2025-08-07 06:00:00+00:00,81.2807881773399,low,-5.652105263161798
2025-08-07 07:00:00+00:00,80.78817733990148,low,-16.162736842109855
2025-08-07 08:00:00+00:00,82.51231527093597,low,-30.153315789475606
2025-08-07 09:00:00+00:00,84.97536945812809,low,-38.46113533834795
2025-08-07 10:00:00+00:00,94.82758620689656,low,-15.10982706767069
2025-08-07 11:00:00+00:00,95.32019704433498,low,12.526804511277808
2025-08-07 12:00:00+00:00,95.8128078817734,low,32.20751879698703
2025-08-07 13:00:00+00:00,95.32019704433498,low,59.37145864661588
2025-08-07 14:00:00+00:00,95.56650246305419,low,79.6539398496218
2025-08-07 15:00:00+00:00,95.33169533169533,low,100.61209022556096
2025-08-07 16:00:00+00:00,93.12039312039312,medium,109.88466165413017
2025-08-07 17:00:00+00:00,93.36609336609337,medium,120.98613533834286
2025-08-07 18:00:00+00:00,91.91176470588235,medium,131.50930827067575
2025-08-07 19:00:00+00:00,95.34313725490196,medium,150.90955639097646
2025-08-07 20:00:00+00:00,96.07843137254902,medium,160.99442857142643
2025-08-07 21:00:00+00:00,95.58823529411765,medium,164.53354135338273
2025-08-07 22:00:00+00:00,96.32352941176471,medium,167.82763909774
2025-08-07 23:00:00+00:00,96.56862745098039,medium,165.14855639097172
2025-08-08 00:00:00+00:00,96.56862745098039,medium,151.99780451127728
2025-08-08 01:00:00+00:00,96.32352941176471,medium,132.55169172932233
2025-08-08 02:00:00+00:00,96.07843137254902,medium,108.21529323307917
2025-08-08 03:00:00+00:00,96.81372549019608,medium,83.50840601503752
2025-08-08 04:00:00+00:00,94.36274509803921,medium,58.58916541352944
2025-08-08 05:00:00+00:00,93.62745098039215,medium,29.618563909771606
2025-08-08 06:00:00+00:00,96.07843137254902,low,21.72087218044788
2025-08-08 07:00:00+00:00,96.81372549019608,low,17.0557744360859
2025-08-08 08:00:00+00:00,95.34313725490196,low,7.089857142855494
2025-08-08 09:00:00+00:00,94.6078431372549,low,1.64649624060217
2025-08-08 10:00:00+00:00,93.13725490196079,low,-10.247090225562573
2025-08-08 11:00:00+00:00,94.36274509803921,low,-12.296714285717501
2025-08-08 12:00:00+00:00,89.70588235294117,low,-27.034263157897453
2025-08-08 13:00:00+00:00,96.32352941176471,low,-32.18675187970148
2025-08-08 14:00:00+00:00,93.38235294117648,low,-43.260676691734005
2025-08-08 15:00:00+00:00,89.70588235294117,low,-44.059706766921515
2025-08-08 16:00:00+00:00,91.91176470588235,low,-47.591180451132
2025-08-08 17:00:00+00:00,95.58823529411765,low,-43.482142857144645
2025-08-08 18:00:00+00:00,95.58823529411765,low,-34.707872180452505
2025-08-08 19:00:00+00:00,95.34313725490196,low,-26.28033834586688
2025-08-08 20:00:00+00:00,95.34313725490196,low,-13.38769172932891
2025-08-08 21:00:00+00:00,95.34313725490196,low,-5.2555112782003395
2025-08-08 22:00:00+00:00,95.09803921568627,low,-0.7650751879718811
2025-08-08 23:00:00+00:00,95.34313725490196,low,0.9716090225564548
2025-08-09 00:00:00+00:00,94.85294117647058,low,1.7346240601481637
2025-08-09 01:00:00+00:00,95.58823529411765,low,-1.0444812030118054
2025-08-09 02:00:00+00:00,93.87254901960785,low,-2.84179699248407
2025-08-09 03:00:00+00:00,93.62745098039215,low,-3.2007744360934995
2025-08-09 04:00:00+00:00,94.85294117647058,low,-5.2869323308336105
2025-08-09 05:00:00+00:00,97.30392156862744,low,-1.724962406020009
2025-08-09 06:00:00+00:00,96.32352941176471,low,-1.7311278195514164
2025-08-09 07:00:00+00:00,97.30392156862744,low,5.087323308271738
2025-08-09 08:00:00+00:00,96.81372549019608,low,10.944518796991334
2025-08-09 09:00:00+00:00,97.05882352941177,low,28.256699248116263
2025-08-09 10:00:00+00:00,97.54901960784314,low,36.70532330826737
2025-08-09 11:00:00+00:00,97.30392156862744,low,34.781812030075095
2025-08-09 12:00:00+00:00,97.54901960784314,low,31.37430075187795
2025-08-09 13:00:00+00:00,95.09803921568627,low,32.59515789473422
2025-08-09 14:00:00+00:00,97.05882352941177,low,30.161323308266926
2025-08-09 15:00:00+00:00,95.34313725490196,low,25.160917293230188
2025-08-09 16:00:00+00:00,93.62745098039215,low,22.885285714285008
2025-08-09 17:00:00+00:00,95.09803921568627,low,21.958398496238697
2025-08-09 18:00:00+00:00,95.34313725490196,low,20.248210526311915
2025-08-09 19:00:00+00:00,94.36274509803921,low,14.121060150373822
2025-08-09 20:00:00+00:00,94.6078431372549,low,10.264421052628524
2025-08-09 21:00:00+00:00,92.8921568627451,low,2.1316165413533725
2025-08-09 22:00:00+00:00,91.42156862745098,low,-8.206345864662046
2025-08-09 23:00:00+00:00,91.66666666666666,low,-20.20090225564273
2025-08-10 00:00:00+00:00,92.8921568627451,low,-27.40865413533974
2025-08-10 01:00:00+00:00,92.8921568627451,low,-32.75437593985192
2025-08-10 02:00:00+00:00,91.42156862745098,low,-28.658466165416097
2025-08-10 03:00:00+00:00,94.36274509803921,medium,-7.018067669176725
2025-08-10 04:00:00+00:00,96.07843137254902,medium,17.32835338345392
2025-08-10 05:00:00+00:00,93.87254901960785,medium,39.69166917292915
2025-08-10 06:00:00+00:00,85.29411764705883,medium,60.300390977440884
2025-08-10 07:00:00+00:00,35.049019607843135,medium,71.17198496240218
2025-08-10 08:00:00+00:00,50.73529411764706,medium,88.24906015037703
2025-08-10 09:00:00+00:00,43.13725490196079,medium,100.966157894734
2025-08-10 10:00:00+00:00,24.754901960784316,medium,107.86183458646389
2025-08-10 11:00:00+00:00,20.34313725490196,medium,116.35026315789418
2025-08-10 12:00:00+00:00,26.47058823529412,medium,121.44440601503686
2025-08-10 13:00:00+00:00,17.401960784313726,medium,123.19037593984683
2025-08-10 14:00:00+00:00,41.17647058823529,medium,126.3708796992438
2025-08-10 15:00:00+00:00,42.8921568627451,medium,125.27484210525947
2025-08-10 16:00:00+00:00,56.61764705882353,medium,122.53175187969866
2025-08-10 17:00:00+00:00,55.392156862745104,medium,110.76768421052257
2025-08-10 18:00:00+00:00,70.34313725490196,medium,96.75999999999952
2025-08-10 19:00:00+00:00,67.8921568627451,medium,80.0309548872152
2025-08-10 20:00:00+00:00,53.431372549019606,medium,59.671443609021345
2025-08-10 21:00:00+00:00,41.911764705882355,medium,39.83796992480893
2025-08-10 22:00:00+00:00,50.73529411764706,medium,33.75215789473435
2025-08-10 23:00:00+00:00,56.372549019607845,low,46.65962406014668
2025-08-11 00:00:00+00:00,37.745098039215684,low,55.74821052631243
2025-08-11 01:00:00+00:00,77.20588235294117,low,69.22784962405532
2025-08-11 02:00:00+00:00,91.42156862745098,medium,107.21879699247987
2025-08-11 03:00:00+00:00,87.99019607843137,medium,133.1936165413529
2025-08-11 04:00:00+00:00,85.29411764705883,medium,166.19051127819287
2025-08-11 05:00:00+00:00,82.59803921568627,medium,192.9723609022529
2025-08-11 06:00:00+00:00,76.22549019607843,medium,213.22587218044725
2025-08-11 07:00:00+00:00,27.696078431372552,medium,221.03938345864398
2025-08-11 08:00:00+00:00,39.950980392156865,medium,228.9553759398457
2025-08-11 09:00:00+00:00,26.96078431372549,medium,227.71311278195273
2025-08-11 10:00:00+00:00,17.401960784313726,medium,223.49957894736664
2025-08-11 11:00:00+00:00,8.088235294117647,high,207.33237593984745
2025-08-11 12:00:00+00:00,8.57843137254902,high,173.1647969924779
2025-08-11 13:00:00+00:00,12.009803921568627,high,140.37763909774216
2025-08-11 14:00:00+00:00,13.480392156862745,high,109.21930827067284
2025-08-11 15:00:00+00:00,15.686274509803921,high,78.25398496240375
2025-08-11 16:00:00+00:00,15.931372549019606,high,34.28474436089997
2025-08-11 17:00:00+00:00,12.009803921568627,high,-12.400127819549859
2025-08-11 18:00:00+00:00,13.23529411764706,high,-50.53860902255707
2025-08-11 19:00:00+00:00,11.029411764705882,high,-96.19204511278505
2025-08-11 20:00:00+00:00,10.049019607843137,high,-147.97005263158206
2025-08-11 21:00:00+00:00,7.107843137254902,high,-187.28505263158402
2025-08-11 22:00:00+00:00,6.372549019607843,medium,-192.38093233083274
2025-08-11 23:00:00+00:00,6.127450980392156,medium,-198.17408270677407
2025-08-12 00:00:00+00:00,8.088235294117647,medium,-190.0874736842114
2025-08-12 01:00:00+00:00,7.8431372549019605,medium,-177.22227067669414
2025-08-12 02:00:00+00:00,10.049019607843137,medium,-154.8118496240626
2025-08-12 03:00:00+00:00,8.823529411764707,low,-142.38056390977678
2025-08-12 04:00:00+00:00,10.049019607843137,medium,-120.67438345864889
2025-08-12 05:00:00+00:00,8.823529411764707,medium,-102.36390225564016
2025-08-12 06:00:00+00:00,9.558823529411764,medium,-83.85339849624262
2025-08-12 07:00:00+00:00,10.53921568627451,low,-69.56192481203516
2025-08-12 08:00:00+00:00,7.598039215686274,low,-69.85193984962866
2025-08-12 09:00:00+00:00,5.637254901960785,low,-68.91622556390978
2025-08-12 10:00:00+00:00,6.127450980392156,low,-61.28936842105471
2025-08-12 11:00:00+00:00,6.127450980392156,low,-48.81545864662128
2025-08-12 12:00:00+00:00,19.852941176470587,low,-28.736308270679558
2025-08-12 13:00:00+00:00,15.196078431372548,low,-20.74554887218458
2025-08-12 14:00:00+00:00,44.6078431372549,low,0.9769774436046209
2025-08-12 15:00:00+00:00,78.67647058823529,low,19.480180451123648
2025-08-12 16:00:00+00:00,81.12745098039215,low,28.455368421050938
2025-08-12 17:00:00+00:00,81.86274509803921,low,29.032406015033107
2025-08-12 18:00:00+00:00,81.86274509803921,low,32.5943157894726
2025-08-12 19:00:00+00:00,86.02941176470588,low,36.87125563909678
2025-08-12 20:00:00+00:00,89.2156862745098,low,51.35927819548401
2025-08-12 21:00:00+00:00,87.00980392156863,medium,60.29237593984868
2025-08-12 22:00:00+00:00,86.51960784313727,medium,71.85786466164909
2025-08-12 23:00:00+00:00,86.02941176470588,low,79.23610526315949
2025-08-13 00:00:00+00:00,85.7843137254902,medium,82.00231578947164
2025-08-13 01:00:00+00:00,81.12745098039215,medium,76.52965413533722
2025-08-13 02:00:00+00:00,85.29411764705883,medium,71.39512781954832
2025-08-13 03:00:00+00:00,87.99019607843137,medium,66.54865413533346
2025-08-13 04:00:00+00:00,88.23529411764706,medium,56.14127819548599
2025-08-13 05:00:00+00:00,83.33333333333334,medium,34.75990225563575
2025-08-13 06:00:00+00:00,82.84313725490196,medium,17.886999999995847
2025-08-13 07:00:00+00:00,88.48039215686273,medium,3.1450751879643417
2025-08-13 08:00:00+00:00,90.44117647058823,low,5.164496240599409
2025-08-13 09:00:00+00:00,92.8921568627451,low,0.44399248119889156
2025-08-13 10:00:00+00:00,94.85294117647058,low,8.556157894734783
2025-08-13 11:00:00+00:00,92.64705882352942,low,23.96870676691604
2025-08-13 12:00:00+00:00,91.17647058823529,low,29.67957894736498
2025-08-13 13:00:00+00:00,92.64705882352942,medium,49.831654135333814
2025-08-13 14:00:00+00:00,89.2156862745098,medium,54.878157894735516
2025-08-13 15:00:00+00:00,89.4607843137255,medium,63.085578947369484
2025-08-13 16:00:00+00:00,88.72549019607843,medium,84.8829097744341
2025-08-13 17:00:00+00:00,90.68627450980392,medium,106.00734586465862
2025-08-13 18:00:00+00:00,88.23529411764706,medium,124.72028571428311
2025-08-13 19:00:00+00:00,90.68627450980392,medium,157.4427443608989
2025-08-13 20:00:00+00:00,89.70588235294117,medium,181.87742105263135
2025-08-13 21:00:00+00:00,90.19607843137256,medium,192.9099097744373
2025-08-13 22:00:00+00:00,90.68627450980392,medium,206.0386766917246
2025-08-13 23:00:00+00:00,91.17647058823529,medium,218.01836090225265
2025-08-14 00:00:00+00:00,87.5,medium,229.6602706766914
2025-08-14 01:00:00+00:00,91.17647058823529,medium,223.05451127819197
2025-08-14 02:00:00+00:00,94.11764705882352,medium,220.03078195488936
2025-08-14 03:00:00+00:00,93.62745098039215,medium,208.6542255639072
2025-08-14 04:00:00+00:00,87.99019607843137,medium,194.18517293232426
2025-08-14 05:00:00+00:00,83.08823529411765,high,163.99054135338102
2025-08-14 06:00:00+00:00,78.92156862745098,high,131.56718045112584
2025-08-14 07:00:00+00:00,68.13725490196079,high,97.74444360901786
2025-08-14 08:00:00+00:00,34.80392156862745,high,56.250007518794945
2025-08-14 09:00:00+00:00,50.245098039215684,medium,36.4700601503756
2025-08-14 10:00:00+00:00,30.14705882352941,medium,-7.223977443613926
2025-08-14 11:00:00+00:00,23.52941176470588,medium,-50.27148872180865
2025-08-14 12:00:00+00:00,4.166666666666666,high,-115.21121804511668
2025-08-14 13:00:00+00:00,5.88235294117647,high,-176.2195263157891
2025-08-14 14:00:00+00:00,7.8431372549019605,high,-229.7413834586496
2025-08-14 15:00:00+00:00,6.61764705882353,high,-269.2841804511313
2025-08-14 16:00:00+00:00,5.392156862745098,high,-305.1397969924841
2025-08-14 17:00:00+00:00,4.411764705882353,high,-338.0662255639145
2025-08-14 18:00:00+00:00,3.1862745098039214,high,-355.3873082706777
2025-08-14 19:00:00+00:00,3.1862745098039214,high,-361.8841879699268
2025-08-14 20:00:00+00:00,3.431372549019608,medium,-352.9111578947414
2025-08-14 21:00:00+00:00,1.9607843137254901,medium,-342.52686466165807
2025-08-14 22:00:00+00:00,2.941176470588235,medium,-313.3164210526322
2025-08-14 23:00:00+00:00,3.6764705882352944,medium,-281.0203233082754
2025-08-15 00:00:00+00:00,2.2058823529411766,medium,-248.03140601503935
2025-08-15 01:00:00+00:00,3.6764705882352944,medium,-214.36615789474175
2025-08-15 02:00:00+00:00,3.6764705882352944,medium,-181.01384962406436
2025-08-15 03:00:00+00:00,4.901960784313726,medium,-139.895624060151
2025-08-15 04:00:00+00:00,4.901960784313726,medium,-97.9556315789491
2025-08-15 05:00:00+00:00,5.88235294117647,medium,-49.446691729322524
2025-08-15 06:00:00+00:00,6.372549019607843,medium,-6.840360902256028
2025-08-15 07:00:00+00:00,8.088235294117647,medium,37.00612030074854
2025-08-15 08:00:00+00:00,8.823529411764707,low,49.845285714283904
2025-08-15 09:00:00+00:00,7.8431372549019605,low,53.318669172930605
2025-08-15 10:00:00+00:00,8.088235294117647,low,64.67178195488574
2025-08-15 11:00:00+00:00,7.352941176470589,low,69.15182706766926
2025-08-15 12:00:00+00:00,8.333333333333332,low,61.229917293225675
2025-08-15 13:00:00+00:00,5.637254901960785,low,40.434330827064336
2025-08-15 14:00:00+00:00,5.88235294117647,low,17.24942105262736
2025-08-15 15:00:00+00:00,4.88997555012225,low,-8.95184210526467
2025-08-15 16:00:00+00:00,5.378973105134474,low,-34.2876165413562
2025-08-15 17:00:00+00:00,6.356968215158925,low,-54.994639097746656
2025-08-15 18:00:00+00:00,7.334963325183375,low,-75.23636842105242
2025-08-15 19:00:00+00:00,6.601466992665037,low,-96.82439849624463
2025-08-15 20:00:00+00:00,8.80195599022005,low,-113.24476691729492
2025-08-15 21:00:00+00:00,8.557457212713937,low,-119.84754887218506
2025-08-15 22:00:00+00:00,11.491442542787286,low,-118.68760902255913
2025-08-15 23:00:00+00:00,10.268948655256724,low,-116.89454135338559
2025-08-16 00:00:00+00:00,12.71393643031785,low,-109.18396992481453
2025-08-16 01:00:00+00:00,14.180929095354522,low,-96.20008270677124
2025-08-16 02:00:00+00:00,12.224938875305623,low,-84.42762406015125
2025-08-16 03:00:00+00:00,14.425427872860636,low,-73.36258646616528
2025-08-16 04:00:00+00:00,18.82640586797066,low,-55.71418045112884
2025-08-16 05:00:00+00:00,14.180929095354522,low,-42.304067669174245
2025-08-16 06:00:00+00:00,14.180929095354522,low,-27.381481203008654
2025-08-16 07:00:00+00:00,28.850855745721272,low,-5.3557969924805775
2025-08-16 08:00:00+00:00,25.67237163814181,low,13.648015037590449
2025-08-16 09:00:00+00:00,18.337408312958438,low,15.757578947364026
2025-08-16 10:00:00+00:00,24.449877750611247,low,13.792616541350235
2025-08-16 11:00:00+00:00,26.65036674816626,low,9.740060150370239
2025-08-16 12:00:00+00:00,47.43276283618582,low,12.035097744359911
2025-08-16 13:00:00+00:00,39.85330073349633,low,15.656300751875849
2025-08-16 14:00:00+00:00,70.4156479217604,low,14.588684210523041
2025-08-16 15:00:00+00:00,75.79462102689487,low,7.721248120296506
2025-08-16 16:00:00+00:00,77.50611246943765,low,6.181270676691656
2025-08-16 17:00:00+00:00,70.4156479217604,low,3.7892406015009996
2025-08-16 18:00:00+00:00,75.30562347188264,low,6.764601503755839
2025-08-16 19:00:00+00:00,79.95110024449878,low,3.885631578943545
2025-08-16 20:00:00+00:00,83.61858190709046,low,6.479390977441174
2025-08-16 21:00:00+00:00,78.4841075794621,low,7.654345864659713
2025-08-16 22:00:00+00:00,85.57457212713936,low,4.513165413531125
2025-08-16 23:00:00+00:00,82.88508557457213,low,-0.899954887222877
2025-08-17 00:00:00+00:00,77.99511002444987,low,-1.9366541353425246
2025-08-17 01:00:00+00:00,74.57212713936431,low,-2.962616541358035
2025-08-17 02:00:00+00:00,85.08557457212714,low,-4.558157894739531
2025-08-17 03:00:00+00:00,87.04156479217605,low,-2.1633458646641075
2025-08-17 04:00:00+00:00,91.68704156479217,low,6.238759398492946
2025-08-17 05:00:00+00:00,89.97555012224939,low,7.84625563909857
2025-08-17 06:00:00+00:00,87.77506112469437,low,8.533150375937883
2025-08-17 07:00:00+00:00,89.73105134474328,low,9.435646616539318
2025-08-17 08:00:00+00:00,93.39853300733496,low,20.36238345864571
2025-08-17 09:00:00+00:00,92.1760391198044,low,28.11666165413196
2025-08-17 10:00:00+00:00,93.15403422982885,low,37.79573684210305
2025-08-17 11:00:00+00:00,94.37652811735941,low,43.82544360901847
2025-08-17 12:00:00+00:00,92.42053789731052,low,47.94878947368484
2025-08-17 13:00:00+00:00,91.44254278728606,low,54.40511278195514
2025-08-17 14:00:00+00:00,92.42053789731052,low,55.63962406014771
2025-08-17 15:00:00+00:00,93.8875305623472,low,57.33378947367985
2025-08-17 16:00:00+00:00,92.42053789731052,low,52.020894736837754
2025-08-17 17:00:00+00:00,90.2200488997555,low,44.165037593982106
2025-08-17 18:00:00+00:00,79.70660146699267,low,30.65351127819087
2025-08-17 19:00:00+00:00,66.74816625916871,low,16.158781954881018
2025-08-17 20:00:00+00:00,68.21515892420538,low,-0.1823082706800997
2025-08-17 21:00:00+00:00,63.08068459657702,low,-12.686917293234561
2025-08-17 22:00:00+00:00,82.3960880195599,low,-19.31830827068057
2025-08-17 23:00:00+00:00,54.52322738386308,low,-33.08477443609279
2025-08-18 00:00:00+00:00,43.27628361858191,low,-41.89435338345962
2025-08-18 01:00:00+00:00,11.7359413202934,low,-65.30439097744517
2025-08-18 02:00:00+00:00,6.112469437652812,medium,-98.97396240601712
2025-08-18 03:00:00+00:00,5.134474327628362,medium,-129.55125563910036
2025-08-18 04:00:00+00:00,6.112469437652812,low,-148.25236090225562
2025-08-18 05:00:00+00:00,6.112469437652812,medium,-159.7935037594023
2025-08-18 06:00:00+00:00,4.645476772616137,medium,-172.91045112782163
2025-08-18 07:00:00+00:00,4.88997555012225,medium,-183.20663909774802
2025-08-18 08:00:00+00:00,4.88997555012225,medium,-192.14192481203378
2025-08-18 09:00:00+00:00,5.623471882640587,medium,-193.6884135338379
2025-08-18 10:00:00+00:00,6.112469437652812,medium,-194.26816541353747
2025-08-18 11:00:00+00:00,6.601466992665037,low,-190.2711353383504
2025-08-18 12:00:00+00:00,9.535452322738386,medium,-179.630601503759
2025-08-18 13:00:00+00:00,5.8679706601467,medium,-174.20281954887216
2025-08-18 14:00:00+00:00,6.845965770171149,medium,-158.47327067669647
2025-08-18 15:00:00+00:00,7.334963325183375,medium,-132.12236090225622
2025-08-18 16:00:00+00:00,4.88997555012225,medium,-105.78097744360988
2025-08-18 17:00:00+00:00,6.112469437652812,medium,-68.72199248120603
2025-08-18 18:00:00+00:00,8.06845965770171,medium,-24.970984962407357
2025-08-18 19:00:00+00:00,6.601466992665037,medium,9.914007518795522
2025-08-18 20:00:00+00:00,6.601466992665037,medium,45.96954135338077
2025-08-18 21:00:00+00:00,9.7799511002445,medium,70.67902255638904
2025-08-18 22:00:00+00:00,9.7799511002445,medium,78.3718120300724
2025-08-18 23:00:00+00:00,7.334963325183375,medium,80.05076691729121
2025-08-19 00:00:00+00:00,10.757946210268948,medium,87.54184962405887
2025-08-19 01:00:00+00:00,7.090464547677261,medium,85.90764661653688
2025-08-19 02:00:00+00:00,7.579462102689487,medium,76.39484962405717
2025-08-19 03:00:00+00:00,5.378973105134474,medium,52.11608270676132
2025-08-19 04:00:00+00:00,7.090464547677261,medium,34.40439849623701
2025-08-19 05:00:00+00:00,6.356968215158925,medium,10.146699248117873
2025-08-19 06:00:00+00:00,6.356968215158925,medium,-13.022015037597145
2025-08-19 07:00:00+00:00,6.356968215158925,medium,-38.48808270677003
2025-08-19 08:00:00+00:00,8.557457212713937,medium,-51.981338345867215
2025-08-19 09:00:00+00:00,12.71393643031785,medium,-73.77749624060219
2025-08-19 10:00:00+00:00,17.114914425427873,medium,-82.65022556391007
2025-08-19 11:00:00+00:00,24.205378973105134,medium,-81.54042857143277
2025-08-19 12:00:00+00:00,20.78239608801956,medium,-81.06034586466006
2025-08-19 13:00:00+00:00,14.66992665036675,medium,-78.49421804511185
2025-08-19 14:00:00+00:00,7.090464547677261,medium,-91.93881203007734
2025-08-19 15:00:00+00:00,8.312958435207824,medium,-105.5001278195515
2025-08-19 16:00:00+00:00,5.623471882640587,medium,-119.46317293233342
2025-08-19 17:00:00+00:00,7.579462102689487,medium,-123.19706766917623
2025-08-19 18:00:00+00:00,5.8679706601467,medium,-132.59317293233545
2025-08-19 19:00:00+00:00,6.112469437652812,medium,-138.81367669173034
2025-08-19 20:00:00+00:00,8.312958435207824,medium,-128.817593984964
2025-08-19 21:00:00+00:00,8.557457212713937,medium,-128.5640827067677
2025-08-19 22:00:00+00:00,7.823960880195599,medium,-129.0328646616557
2025-08-19 23:00:00+00:00,6.112469437652812,medium,-144.73584210526604
2025-08-20 00:00:00+00:00,7.090464547677261,medium,-144.80081203007578
2025-08-20 01:00:00+00:00,7.334963325183375,medium,-150.1039323308307
2025-08-20 02:00:00+00:00,7.579462102689487,medium,-145.38699999999992
2025-08-20 03:00:00+00:00,10.024449877750612,medium,-137.70064661654263
2025-08-20 04:00:00+00:00,13.202933985330073,medium,-123.00433834586772
2025-08-20 05:00:00+00:00,18.82640586797066,medium,-102.75712030075482
2025-08-20 06:00:00+00:00,14.66992665036675,medium,-79.642969924816
2025-08-20 07:00:00+00:00,15.158924205378973,medium,-54.516413533832704
2025-08-20 08:00:00+00:00,43.27628361858191,medium,-17.486421052634128
2025-08-20 09:00:00+00:00,29.3398533007335,medium,11.06372932330575
2025-08-20 10:00:00+00:00,31.54034229828851,low,22.501157894735083
2025-08-20 11:00:00+00:00,21.76039119804401,low,30.76126315789407
2025-08-20 12:00:00+00:00,24.449877750611247,low,32.80632330826634
2025-08-20 13:00:00+00:00,10.757946210268948,medium,22.727511278193074
2025-08-20 14:00:00+00:00,33.74083129584352,medium,17.817518796991994
2025-08-20 15:00:00+00:00,54.76772616136919,medium,11.705804511276027
2025-08-20 16:00:00+00:00,72.6829268292683,medium,19.119796992475617
2025-08-20 17:00:00+00:00,83.90243902439025,medium,28.846744360899308
2025-08-20 18:00:00+00:00,75.1219512195122,medium,23.432180451123806
2025-08-20 19:00:00+00:00,90.0,medium,24.020691729321026
2025-08-20 20:00:00+00:00,89.51219512195122,medium,29.240616541349375
2025-08-20 21:00:00+00:00,89.26829268292683,medium,29.076774436087913
2025-08-20 22:00:00+00:00,90.73170731707317,medium,37.251270676689884
2025-08-20 23:00:00+00:00,88.04878048780488,medium,40.44168421052257
2025-08-21 00:00:00+00:00,88.53658536585365,medium,44.5081879699222
2025-08-21 01:00:00+00:00,90.73170731707317,medium,55.01528571428233
2025-08-21 02:00:00+00:00,81.21951219512195,medium,53.236774436086115
2025-08-21 03:00:00+00:00,82.68292682926828,medium,47.112541353380635
2025-08-21 04:00:00+00:00,82.1951219512195,medium,46.28944360901897
2025-08-21 05:00:00+00:00,85.36585365853658,medium,43.67451127819198
2025-08-21 06:00:00+00:00,76.58536585365854,medium,39.38729323308208
2025-08-21 07:00:00+00:00,79.26829268292683,medium,34.364624060149275
2025-08-21 08:00:00+00:00,54.63414634146342,medium,24.48196240601315
2025-08-21 09:00:00+00:00,40.731707317073166,medium,-3.5678721804505704
2025-08-21 10:00:00+00:00,41.70731707317073,medium,-21.118458646619175
2025-08-21 11:00:00+00:00,38.29268292682927,medium,-42.81808270677241
2025-08-21 12:00:00+00:00,23.414634146341466,medium,-57.29696992481477
2025-08-21 13:00:00+00:00,33.65853658536586,medium,-59.415067669174555
2025-08-21 14:00:00+00:00,28.292682926829265,low,-74.56446616541737
2025-08-21 15:00:00+00:00,16.82926829268293,low,-83.97897744361129
2025-08-21 16:00:00+00:00,13.902439024390246,low,-95.58010526316036
2025-08-21 17:00:00+00:00,17.560975609756095,low,-103.95781203007645
2025-08-21 18:00:00+00:00,37.5609756097561,low,-102.89860150376371
2025-08-21 19:00:00+00:00,15.121951219512194,low,-109.79961654135616
2025-08-21 20:00:00+00:00,22.682926829268293,low,-109.58095488721972
2025-08-21 21:00:00+00:00,31.463414634146343,low,-97.13054887218064
2025-08-21 22:00:00+00:00,36.58536585365854,low,-94.12527067669214
2025-08-21 23:00:00+00:00,16.097560975609756,low,-90.30057894736872
2025-08-22 00:00:00+00:00,14.878048780487804,low,-84.86028571428834
2025-08-22 01:00:00+00:00,21.21951219512195,low,-71.5923458646626
2025-08-22 02:00:00+00:00,34.63414634146341,low,-55.070661654138796
2025-08-22 03:00:00+00:00,15.853658536585366,low,-39.3743684210564
2025-08-22 04:00:00+00:00,15.609756097560975,low,-28.246639097747934
2025-08-22 05:00:00+00:00,20.48780487804878,low,-13.712233082710888
2025-08-22 06:00:00+00:00,13.902439024390246,low,-3.2001578947393114
2025-08-22 07:00:00+00:00,28.04878048780488,low,6.3301654135330905
2025-08-22 08:00:00+00:00,20.975609756097562,low,13.463180451126714
2025-08-22 09:00:00+00:00,20.48780487804878,low,27.944060150373367
2025-08-22 10:00:00+00:00,13.658536585365855,low,32.48686466165191
2025-08-22 11:00:00+00:00,9.024390243902438,low,27.353375939845943
2025-08-22 12:00:00+00:00,6.097560975609756,low,16.72376691728924
2025-08-22 13:00:00+00:00,8.292682926829269,low,8.726248120298981
2025-08-22 14:00:00+00:00,95.85365853658536,high,51.08571428571099
2025-08-22 15:00:00+00:00,97.07317073170731,high,90.20424060150204
2025-08-22 16:00:00+00:00,97.3170731707317,high,123.88892481202562
2025-08-22 17:00:00+00:00,98.04878048780488,high,167.36939097744064
2025-08-22 18:00:00+00:00,97.80487804878048,high,199.25954887217662
2025-08-22 19:00:00+00:00,98.04878048780488,high,222.38018796992375
2025-08-22 20:00:00+00:00,98.04878048780488,high,246.98731578947186
2025-08-22 21:00:00+00:00,98.29268292682927,high,267.9001804511225
2025-08-22 22:00:00+00:00,98.04878048780488,high,283.5983007518767
2025-08-22 23:00:00+00:00,97.80487804878048,high,292.8842631578932
2025-08-23 00:00:00+00:00,98.04878048780488,high,293.9168872180425
2025-08-23 01:00:00+00:00,97.3170731707317,high,289.17538345864403
2025-08-23 02:00:00+00:00,96.09756097560975,high,268.2479548872167
2025-08-23 03:00:00+00:00,95.1219512195122,high,239.30757894736772
2025-08-23 04:00:00+00:00,96.82926829268293,high,209.9535413533789
2025-08-23 05:00:00+00:00,97.80487804878048,high,177.65975187969693
2025-08-23 06:00:00+00:00,97.07317073170731,high,130.38772180451167
2025-08-23 07:00:00+00:00,95.85365853658536,high,75.10765413533598
2025-08-23 08:00:00+00:00,95.85365853658536,high,14.172631578945111
2025-08-23 09:00:00+00:00,95.60975609756098,high,-49.30158646616967
2025-08-23 10:00:00+00:00,94.8780487804878,medium,-67.98317293233559
2025-08-23 11:00:00+00:00,94.6341463414634,low,-81.22736842105401
2025-08-23 12:00:00+00:00,92.92682926829269,low,-97.79690977443778
2025-08-23 13:00:00+00:00,91.70731707317074,low,-104.08904511278617
2025-08-23 14:00:00+00:00,91.46341463414635,low,-114.06593233083164
2025-08-23 15:00:00+00:00,92.19512195121952,low,-120.38483458647102
2025-08-23 16:00:00+00:00,91.70731707317074,low,-114.70721804511513
2025-08-23 17:00:00+00:00,93.41463414634147,low,-105.38693233082593
2025-08-23 18:00:00+00:00,92.92682926829269,low,-96.6035563909804
2025-08-23 19:00:00+00:00,94.14634146341463,low,-82.743120300754
2025-08-23 20:00:00+00:00,93.41463414634147,low,-64.46983458647013
2025-08-23 21:00:00+00:00,90.97560975609757,low,-54.706924812032454
2025-08-23 22:00:00+00:00,92.92682926829269,low,-46.958661654137934
2025-08-23 23:00:00+00:00,92.4390243902439,low,-42.24750375940032
2025-08-24 00:00:00+00:00,92.92682926829269,low,-32.58285714286054
2025-08-24 01:00:00+00:00,88.04878048780488,low,-20.241864661652752
2025-08-24 02:00:00+00:00,82.92682926829268,low,-16.613105263162435
2025-08-24 03:00:00+00:00,81.46341463414633,low,-11.087593984963654
2025-08-24 04:00:00+00:00,80.48780487804879,low,-3.280661654137659
2025-08-24 05:00:00+00:00,64.14634146341463,low,3.1502030075181833
2025-08-24 06:00:00+00:00,22.195121951219512,low,5.828383458647253
2025-08-24 07:00:00+00:00,18.78048780487805,low,5.7541278195474375
2025-08-24 08:00:00+00:00,21.463414634146343,low,4.073496240598244
2025-08-24 09:00:00+00:00,18.048780487804876,low,-2.502827067669413
2025-08-24 10:00:00+00:00,9.75609756097561,low,-13.612669172934586
2025-08-24 11:00:00+00:00,10.24390243902439,low,-22.81415037594254
2025-08-24 12:00:00+00:00,11.463414634146343,low,-29.426729323308805
2025-08-24 13:00:00+00:00,10.731707317073171,low,-36.14279699248597
2025-08-24 14:00:00+00:00,13.170731707317074,low,-41.7297744360949
2025-08-24 15:00:00+00:00,12.682926829268293,low,-48.1833458646619
2025-08-24 16:00:00+00:00,10.731707317073171,low,-52.289007518799686
2025-08-24 17:00:00+00:00,30.975609756097562,low,-57.39648120300708
2025-08-24 18:00:00+00:00,83.41463414634146,low,-54.11037593984969
2025-08-24 19:00:00+00:00,23.170731707317074,medium,-76.84417293233142
2025-08-24 20:00:00+00:00,17.317073170731707,medium,-93.86608270676743
2025-08-24 21:00:00+00:00,17.073170731707318,medium,-102.29900000000374
2025-08-24 22:00:00+00:00,14.146341463414632,medium,-107.78790977443859
2025-08-24 23:00:00+00:00,13.170731707317074,medium,-109.84453383458903
2025-08-25 00:00:00+00:00,7.804878048780488,medium,-119.51934586466535
2025-08-25 01:00:00+00:00,11.463414634146343,high,-122.1796691729363
2025-08-25 02:00:00+00:00,37.073170731707314,high,-119.11419548872435
2025-08-25 03:00:00+00:00,23.414634146341466,high,-120.53985714285953
2025-08-25 04:00:00+00:00,14.146341463414632,high,-121.97666917293269
2025-08-25 05:00:00+00:00,8.780487804878048,high,-126.73063157894676
2025-08-25 06:00:00+00:00,5.365853658536586,high,-133.91038345865033
2025-08-25 07:00:00+00:00,5.365853658536586,high,-143.71479699248084
2025-08-25 08:00:00+00:00,4.390243902439024,high,-150.95907518797074
2025-08-25 09:00:00+00:00,5.853658536585367,high,-149.66763909774778
2025-08-25 10:00:00+00:00,5.121951219512195,high,-156.53679699248195
2025-08-25 11:00:00+00:00,6.341463414634147,high,-156.59930075188126
2025-08-25 12:00:00+00:00,5.609756097560976,high,-148.54111278195646
2025-08-25 13:00:00+00:00,6.341463414634147,high,-135.44802255639482
2025-08-25 14:00:00+00:00,7.804878048780488,high,-103.75651127819724
2025-08-25 15:00:00+00:00,4.878048780487805,medium,-101.35843609022943
2025-08-25 16:00:00+00:00,5.121951219512195,medium,-91.3581654135393
2025-08-25 17:00:00+00:00,4.878048780487805,medium,-78.52755639098137
2025-08-25 18:00:00+00:00,4.634146341463414,medium,-57.96182706766981
2025-08-25 19:00:00+00:00,3.414634146341464,high,-59.24453383458655
2025-08-25 20:00:00+00:00,2.9268292682926833,high,-86.23596240601681
2025-08-25 21:00:00+00:00,2.4390243902439024,high,-97.27260150376246
2025-08-25 22:00:00+00:00,2.682926829268293,high,-94.28603759398979
2025-08-25 23:00:00+00:00,3.1707317073170733,high,-94.81181203007584
2025-08-26 00:00:00+00:00,2.4390243902439024,high,-107.98658646616755
2025-08-26 01:00:00+00:00,3.6585365853658534,high,-111.43506766917508
2025-08-26 02:00:00+00:00,4.634146341463414,high,-119.917902255642
2025-08-26 03:00:00+00:00,4.146341463414634,high,-129.26051127819534
2025-08-26 04:00:00+00:00,4.878048780487805,high,-134.53524060150696
2025-08-26 05:00:00+00:00,4.634146341463414,high,-130.37200751880104
2025-08-26 06:00:00+00:00,5.365853658536586,high,-139.64963909774582
2025-08-26 07:00:00+00:00,5.853658536585367,high,-139.2830451127843
2025-08-26 08:00:00+00:00,6.341463414634147,high,-134.55610526315934
2025-08-26 09:00:00+00:00,6.341463414634147,high,-128.36443609022857
2025-08-26 10:00:00+00:00,6.341463414634147,high,-107.11918045113103
2025-08-26 11:00:00+00:00,5.609756097560976,high,-88.5955864661669
2025-08-26 12:00:00+00:00,8.780487804878048,high,-56.95068421052751
2025-08-26 13:00:00+00:00,7.317073170731707,high,-24.735285714289283
2025-08-26 14:00:00+00:00,10.731707317073171,high,14.30786466165083
2025-08-26 15:00:00+00:00,9.75609756097561,medium,19.909789473682356
2025-08-26 16:00:00+00:00,21.463414634146343,medium,15.831052631577649
2025-08-26 17:00:00+00:00,14.878048780487804,medium,13.642285714285695
2025-08-26 18:00:00+00:00,25.121951219512194,medium,25.59802255638881
2025-08-26 19:00:00+00:00,60.97560975609756,medium,42.09330827067352
2025-08-26 20:00:00+00:00,64.39024390243902,medium,44.04017293232965
2025-08-26 21:00:00+00:00,71.95121951219512,medium,58.98782706766768
2025-08-26 22:00:00+00:00,70.0,medium,73.10612030074941
2025-08-26 23:00:00+00:00,66.09756097560975,medium,84.48267669172722
2025-08-27 00:00:00+00:00,51.463414634146346,medium,90.69530827067516
2025-08-27 01:00:00+00:00,62.19512195121951,medium,95.72175187969788
2025-08-27 02:00:00+00:00,66.34146341463415,medium,93.46288721804294
2025-08-27 03:00:00+00:00,79.75609756097562,medium,98.49263909774346
2025-08-27 04:00:00+00:00,87.07317073170732,medium,100.85010526315381
2025-08-27 05:00:00+00:00,79.75609756097562,medium,98.96450375939632
2025-08-27 06:00:00+00:00,75.1219512195122,medium,91.50608270676551
2025-08-27 07:00:00+00:00,67.5609756097561,medium,72.94193233082305
2025-08-27 08:00:00+00:00,75.60975609756098,medium,58.9150300751849
2025-08-27 09:00:00+00:00,75.1219512195122,medium,42.931045112782854
2025-08-27 10:00:00+00:00,75.36585365853658,medium,32.37795488721642
2025-08-27 11:00:00+00:00,80.2439024390244,low,14.930330827067461
2025-08-27 12:00:00+00:00,77.8048780487805,low,3.0096842105212285
2025-08-27 13:00:00+00:00,74.39024390243902,low,-11.278443609026342
2025-08-27 14:00:00+00:00,84.8780487804878,low,-11.954037593988135
2025-08-27 15:00:00+00:00,86.09756097560975,low,-5.046270676693732
2025-08-27 16:00:00+00:00,82.92682926829268,low,5.512887218044863
2025-08-27 17:00:00+00:00,86.82926829268293,low,22.21973684210326
2025-08-27 18:00:00+00:00,84.8780487804878,low,37.23388721804257
2025-08-27 19:00:00+00:00,80.2439024390244,low,51.78121804511222
2025-08-27 20:00:00+00:00,88.29268292682927,low,64.26120300751859
2025-08-27 21:00:00+00:00,78.04878048780488,low,61.51802255638811
2025-08-27 22:00:00+00:00,71.70731707317073,low,54.14470676691554
2025-08-27 23:00:00+00:00,63.170731707317074,low,48.716481203002886
2025-08-28 00:00:00+00:00,57.3170731707317,low,47.032187969920585
2025-08-28 01:00:00+00:00,73.65853658536585,low,46.971481203005816
2025-08-28 02:00:00+00:00,67.07317073170732,low,39.14293233082386
2025-08-28 03:00:00+00:00,79.75609756097562,low,32.793526315786046
2025-08-28 04:00:00+00:00,86.34146341463415,medium,38.81230075187662
2025-08-28 05:00:00+00:00,85.1219512195122,medium,40.763293233078706
2025-08-28 06:00:00+00:00,84.6341463414634,medium,47.38833082706423
2025-08-28 07:00:00+00:00,86.09756097560975,medium,54.70126315789173
2025-08-28 08:00:00+00:00,88.53658536585365,medium,59.87772180451036
2025-08-28 09:00:00+00:00,78.29268292682927,medium,60.74642105262935
2025-08-28 10:00:00+00:00,85.60975609756098,medium,68.61178195488398
2025-08-28 11:00:00+00:00,83.90243902439025,medium,74.29175187969638
2025-08-28 12:00:00+00:00,85.85365853658537,medium,85.2403233082687
2025-08-28 13:00:00+00:00,83.41463414634146,medium,92.2213082706723
2025-08-28 14:00:00+00:00,85.36585365853658,medium,96.7714962405983
2025-08-28 15:00:00+00:00,72.92682926829268,medium,94.83695488721494
2025-08-28 16:00:00+00:00,39.02439024390244,medium,92.35924812029745
2025-08-28 17:00:00+00:00,59.512195121951216,medium,76.78622556390576
2025-08-28 18:00:00+00:00,67.07317073170732,medium,57.84113533834552
2025-08-28 19:00:00+00:00,28.04878048780488,medium,28.370781954888116
2025-08-28 20:00:00+00:00,42.68292682926829,medium,-0.8304887218049
2025-08-28 21:00:00+00:00,69.02439024390243,medium,-24.252616541355472
2025-08-28 22:00:00+00:00,82.1951219512195,medium,-46.06618045112972
2025-08-28 23:00:00+00:00,82.4390243902439,medium,-58.01668421052997
2025-08-29 00:00:00+00:00,77.5609756097561,low,-60.79675939849802
2025-08-29 01:00:00+00:00,56.09756097560976,low,-74.41878947368538
2025-08-29 02:00:00+00:00,67.5609756097561,low,-81.23522556390957
2025-08-29 03:00:00+00:00,71.21951219512195,low,-82.86724060150539
2025-08-29 04:00:00+00:00,57.073170731707314,low,-85.04108270677143
2025-08-29 05:00:00+00:00,53.90243902439025,low,-91.72292481203341
2025-08-29 06:00:00+00:00,30.24390243902439,low,-92.32736090225666
2025-08-29 07:00:00+00:00,9.024390243902438,medium,-111.60136090225853
2025-08-29 08:00:00+00:00,7.073170731707316,medium,-126.90602255639209
2025-08-29 09:00:00+00:00,6.829268292682928,medium,-141.14624060150535
2025-08-29 10:00:00+00:00,8.048780487804878,medium,-142.35522556391223
2025-08-29 11:00:00+00:00,6.585365853658537,medium,-145.03024812030196
2025-08-29 12:00:00+00:00,8.292682926829269,medium,-140.3495112781983
2025-08-29 13:00:00+00:00,7.317073170731707,high,-155.50554887218038
2025-08-29 14:00:00+00:00,6.829268292682928,high,-178.9176992481218
2025-08-29 15:00:00+00:00,8.048780487804878,high,-200.82860902255598
2025-08-29 16:00:00+00:00,6.829268292682928,high,-212.872338345867
2025-08-29 17:00:00+00:00,5.839416058394161,high,-221.59706015037932
2025-08-29 18:00:00+00:00,5.109489051094891,high,-224.5672706766944
2025-08-29 19:00:00+00:00,4.622871046228711,high,-216.70475187970305
2025-08-29 20:00:00+00:00,5.109489051094891,high,-214.37512781955223
2025-08-29 21:00:00+00:00,7.785888077858881,high,-206.96884962406344
2025-08-29 22:00:00+00:00,8.02919708029197,high,-197.05445112782022
2025-08-29 23:00:00+00:00,8.27250608272506,high,-178.1013759398514
2025-08-30 00:00:00+00:00,8.51581508515815,high,-158.43422556391212
2025-08-30 01:00:00+00:00,6.569343065693431,high,-149.08110526316025
2025-08-30 02:00:00+00:00,9.48905109489051,high,-129.70821804511647
2025-08-30 03:00:00+00:00,12.652068126520682,high,-115.62629323308525
2025-08-30 04:00:00+00:00,10.46228710462287,high,-105.35172932330971
2025-08-30 05:00:00+00:00,12.895377128953772,high,-92.26217293233056
2025-08-30 06:00:00+00:00,19.464720194647203,high,-73.70230075188141
2025-08-30 07:00:00+00:00,37.71289537712895,high,-48.25238345864896
2025-08-30 08:00:00+00:00,26.034063260340634,high,-9.875285714289763
2025-08-30 09:00:00+00:00,21.897810218978105,medium,5.422045112781647
2025-08-30 10:00:00+00:00,27.25060827250608,medium,5.966736842103211
2025-08-30 11:00:00+00:00,33.09002433090024,medium,12.75992481203035
2025-08-30 12:00:00+00:00,17.27493917274939,medium,23.224413533834703
2025-08-30 13:00:00+00:00,18.248175182481752,medium,28.84535338345634
2025-08-30 14:00:00+00:00,19.708029197080293,medium,31.175375939847438
2025-08-30 15:00:00+00:00,35.523114355231144,medium,36.75159398495964
2025-08-30 16:00:00+00:00,19.464720194647203,low,33.59645112781673
2025-08-30 17:00:00+00:00,18.248175182481752,low,39.15165413533665
2025-08-30 18:00:00+00:00,18.491484184914842,low,42.43915037593759
2025-08-30 19:00:00+00:00,26.277372262773724,low,46.425233082702626
2025-08-30 20:00:00+00:00,24.087591240875913,low,45.946187969924324
2025-08-30 21:00:00+00:00,27.00729927007299,low,30.633015037589693
2025-08-30 22:00:00+00:00,35.03649635036496,low,18.056676691727958
2025-08-30 23:00:00+00:00,51.09489051094891,low,18.75760150375665
2025-08-31 00:00:00+00:00,83.94160583941606,low,27.059413533828995
2025-08-31 01:00:00+00:00,87.10462287104623,low,33.10220300751704
2025-08-31 02:00:00+00:00,88.32116788321169,low,34.17245112781517
2025-08-31 03:00:00+00:00,91.24087591240875,low,37.09243609022258
2025-08-31 04:00:00+00:00,81.26520681265207,low,33.829338345858964
2025-08-31 05:00:00+00:00,78.83211678832117,low,28.547939849622566
2025-08-31 06:00:00+00:00,74.45255474452554,low,20.88557894736517
2025-08-31 07:00:00+00:00,77.37226277372264,low,16.67712030074924
2025-08-31 08:00:00+00:00,88.07785888077859,low,15.731924812027646
2025-08-31 09:00:00+00:00,74.93917274939173,low,5.668270676689352
2025-08-31 10:00:00+00:00,58.63746958637469,low,-1.543338345866097
2025-08-31 11:00:00+00:00,69.09975669099757,low,-7.753157894737765
2025-08-31 12:00:00+00:00,70.8029197080292,low,-15.248436090228195
2025-08-31 13:00:00+00:00,44.28223844282238,low,-20.917090225565797
2025-08-31 14:00:00+00:00,29.927007299270077,low,-26.040270676694927
2025-08-31 15:00:00+00:00,55.71776155717762,low,-24.335308270678787
2025-08-31 16:00:00+00:00,46.84466019417476,low,-23.976022556394035
2025-08-31 17:00:00+00:00,38.592233009708735,low,-23.951315789476624
2025-08-31 18:00:00+00:00,71.60194174757282,low,-23.262473684214264
2025-08-31 19:00:00+00:00,44.66019417475729,low,-22.090451127822366
2025-08-31 20:00:00+00:00,52.18446601941748,low,-9.360368421056162
2025-08-31 21:00:00+00:00,57.52427184466019,low,3.2549849624045684
2025-08-31 22:00:00+00:00,25.0,low,11.281413533832026
2025-08-31 23:00:00+00:00,10.679611650485436,low,10.434984962403275
2025-09-01 00:00:00+00:00,8.737864077669903,low,4.281368421049792
2025-09-01 01:00:00+00:00,9.466019417475728,low,-2.948518796992635
2025-09-01 02:00:00+00:00,6.796116504854369,low,-17.5179473684223
2025-09-01 03:00:00+00:00,6.067961165048544,low,-29.952601503760828
2025-09-01 04:00:00+00:00,5.825242718446602,low,-39.60468421052826
2025-09-01 05:00:00+00:00,5.339805825242718,low,-48.275766917293545
2025-09-01 06:00:00+00:00,5.097087378640777,low,-52.314789473687924
2025-09-01 07:00:00+00:00,26.45631067961165,medium,-38.7540751879737
2025-09-01 08:00:00+00:00,53.640776699029125,medium,-25.79112781955092
2025-09-01 09:00:00+00:00,33.737864077669904,medium,-13.977127819549974
2025-09-01 10:00:00+00:00,13.834951456310678,medium,-16.658000000002918
2025-09-01 11:00:00+00:00,9.466019417475728,medium,-10.926593984966473
2025-09-01 12:00:00+00:00,9.70873786407767,medium,1.1507744360874146
2025-09-01 13:00:00+00:00,6.796116504854369,medium,12.862112781953693
2025-09-01 14:00:00+00:00,7.281553398058252,medium,28.69757142857032
2025-09-01 15:00:00+00:00,6.067961165048544,medium,35.937458646615106
2025-09-01 16:00:00+00:00,5.582524271844661,medium,46.22037593984774
2025-09-01 17:00:00+00:00,5.825242718446602,medium,57.937157894733645
2025-09-01 18:00:00+00:00,6.067961165048544,medium,72.12111278195236
2025-09-01 19:00:00+00:00,7.038834951456311,medium,75.14699999999554
2025-09-01 20:00:00+00:00,5.339805825242718,medium,71.47281203007388
2025-09-01 21:00:00+00:00,4.611650485436893,high,50.29503759398357
2025-09-01 22:00:00+00:00,4.854368932038835,high,30.42623308270337
2025-09-01 23:00:00+00:00,6.553398058252427,high,21.311624060151125
2025-09-02 00:00:00+00:00,5.582524271844661,high,3.0480902255626066
2025-09-02 01:00:00+00:00,8.737864077669903,high,-6.557503759403457
2025-09-02 02:00:00+00:00,15.776699029126215,high,-1.873879699252429
2025-09-02 03:00:00+00:00,22.815533980582526,medium,22.22158646616367
2025-09-02 04:00:00+00:00,30.339805825242717,medium,47.29303007518485
2025-09-02 05:00:00+00:00,26.21359223300971,medium,68.79442857142571
2025-09-02 06:00:00+00:00,39.07766990291262,medium,76.61280451127476
2025-09-02 07:00:00+00:00,17.96116504854369,medium,83.01684962405676
2025-09-02 08:00:00+00:00,25.728155339805824,medium,94.17775939849548
2025-09-02 09:00:00+00:00,36.89320388349515,medium,103.4133458646599
2025-09-02 10:00:00+00:00,40.04854368932039,medium,109.52280451127486
2025-09-02 11:00:00+00:00,20.87378640776699,medium,100.93526315789303
2025-09-02 12:00:00+00:00,7.281553398058252,high,77.37045112781855
2025-09-02 13:00:00+00:00,59.22330097087378,high,89.8232781954894
2025-09-02 14:00:00+00:00,52.9126213592233,high,106.86693984962183
2025-09-02 15:00:00+00:00,12.864077669902912,high,112.78613533834574
2025-09-02 16:00:00+00:00,23.78640776699029,high,110.29059398496084
2025-09-02 17:00:00+00:00,34.70873786407767,high,89.75725563909505
2025-09-02 18:00:00+00:00,32.28155339805826,high,70.89150375939667
2025-09-02 19:00:00+00:00,26.699029126213592,high,63.50673684210198
2025-09-02 20:00:00+00:00,64.56310679611651,high,59.401586466165035
2025-09-02 21:00:00+00:00,75.0,high,51.89771428571157
2025-09-02 22:00:00+00:00,75.72815533980582,high,58.25703759398341
2025-09-02 23:00:00+00:00,74.75728155339806,high,64.00883458646362
2025-09-03 00:00:00+00:00,69.1747572815534,high,69.62510526315677
2025-09-03 01:00:00+00:00,80.33980582524272,high,69.76570676691404
2025-09-03 02:00:00+00:00,84.46601941747572,high,73.87954887217857
2025-09-03 03:00:00+00:00,79.6116504854369,high,69.70056390977025
2025-09-03 04:00:00+00:00,72.33009708737865,high,65.80295488721487
2025-09-03 05:00:00+00:00,54.12621359223301,high,57.554451127817885
2025-09-03 06:00:00+00:00,50.728155339805824,high,46.27165413533816
2025-09-03 07:00:00+00:00,55.582524271844655,high,31.545142857140238
2025-09-03 08:00:00+00:00,54.36893203883495,high,-1.1778646616572355
2025-09-03 09:00:00+00:00,69.66019417475728,low,4.098759398493562
2025-09-03 10:00:00+00:00,76.94174757281553,low,14.41472932330809
2025-09-03 11:00:00+00:00,78.15533980582524,low,16.039135338345524
2025-09-03 12:00:00+00:00,70.14563106796116,low,11.410496240600644
2025-09-03 13:00:00+00:00,86.6504854368932,low,13.50154135338233
2025-09-03 14:00:00+00:00,90.31476997578693,low,21.75757142856829
2025-09-03 15:00:00+00:00,91.28329297820824,low,29.552218045110987
2025-09-03 16:00:00+00:00,89.58837772397095,low,39.68618045112514
2025-09-03 17:00:00+00:00,89.83050847457628,low,51.08176691729016
2025-09-03 18:00:00+00:00,89.34624697336562,low,58.29127819548622
2025-09-03 19:00:00+00:00,89.10411622276028,low,66.84023308270473
2025-09-03 20:00:00+00:00,89.10411622276028,low,75.78448120300608
2025-09-03 21:00:00+00:00,88.61985472154964,low,77.67785714285634
2025-09-03 22:00:00+00:00,88.37772397094432,low,80.82626315789341
2025-09-03 23:00:00+00:00,85.4721549636804,low,74.63453383458527
2025-09-04 00:00:00+00:00,87.65133171912834,low,72.0779699248109
2025-09-04 01:00:00+00:00,81.35593220338984,low,60.97130075187643
2025-09-04 02:00:00+00:00,50.363196125908,medium,41.46909774435757
2025-09-04 03:00:00+00:00,27.602905569007262,medium,22.507315789469146
2025-09-04 04:00:00+00:00,21.06537530266344,medium,-1.097135338351208
2025-09-04 05:00:00+00:00,11.380145278450362,medium,-23.709142857147974
2025-09-04 06:00:00+00:00,9.685230024213075,medium,-46.85720300752019
2025-09-04 07:00:00+00:00,12.106537530266344,medium,-67.61860902255738
2025-09-04 08:00:00+00:00,10.16949152542373,medium,-89.52118796992676
2025-09-04 09:00:00+00:00,11.864406779661017,low,-102.49605263158315
2025-09-04 10:00:00+00:00,11.138014527845035,low,-104.72284210526404
2025-09-04 11:00:00+00:00,10.411622276029057,low,-102.5169624060166
2025-09-04 12:00:00+00:00,15.254237288135593,low,-102.16472180451304
2025-09-04 13:00:00+00:00,7.990314769975787,low,-99.9672481203018
2025-09-04 14:00:00+00:00,5.811138014527845,low,-108.81185714285944
2025-09-04 15:00:00+00:00,5.555555555555555,low,-116.09088721804709
2025-09-04 16:00:00+00:00,6.280193236714976,low,-120.08540601503931
2025-09-04 17:00:00+00:00,5.314009661835748,low,-118.43619548872425
2025-09-04 18:00:00+00:00,4.5893719806763285,low,-111.41836090225839
2025-09-04 19:00:00+00:00,5.072463768115942,low,-107.78353383458632
2025-09-04 20:00:00+00:00,5.555555555555555,low,-86.91418796992421
2025-09-04 21:00:00+00:00,6.763285024154589,low,-64.10343609022921
2025-09-04 22:00:00+00:00,10.628019323671497,medium,-32.8153157894741
2025-09-04 23:00:00+00:00,6.763285024154589,medium,-17.19883458646733
2025-09-05 00:00:00+00:00,10.38647342995169,medium,-8.598496240602563
2025-09-05 01:00:00+00:00,13.043478260869565,medium,6.097774436086846
2025-09-05 02:00:00+00:00,16.425120772946862,medium,19.128827067667483
2025-09-05 03:00:00+00:00,20.048309178743963,medium,31.419646616539104
2025-09-05 04:00:00+00:00,23.91304347826087,medium,47.142315789471986
2025-09-05 05:00:00+00:00,29.227053140096622,medium,66.25439097744099
2025-09-05 06:00:00+00:00,28.502415458937197,medium,86.1060225563905
2025-09-05 07:00:00+00:00,83.33333333333334,medium,121.77866917293116
2025-09-05 08:00:00+00:00,67.81609195402298,medium,121.77866917293116
2025-09-05 09:00:00+00:00,54.95495495495496,medium,121.77866917293116
